3,3,80
0.0661468 -0.0561555 -0.0249125 
-0.0561555 0.251591 -0.00863777 
-0.0249125 -0.00863777 0.131263 
0.0659917 -0.0560238 -0.024854 
-0.0560238 0.251001 -0.0086171 
-0.024854 -0.0086171 0.130955 
0.0655258 -0.0556283 -0.0246786 
-0.0556283 0.249237 -0.00855252 
-0.0246786 -0.00855252 0.130029 
0.0641327 -0.0544458 -0.0241541 
-0.0544458 0.244009 -0.00833607 
-0.0241541 -0.00833607 0.127245 
0.0601752 -0.0510877 -0.0226652 
-0.0510877 0.229602 -0.00750549 
-0.0226652 -0.00750549 0.119218 
0.0509728 -0.0432885 -0.0192127 
-0.0432885 0.199854 -0.00374635 
-0.0192127 -0.00374635 0.099543 
0.0404366 -0.0344199 -0.0153212 
-0.0344199 0.190133 0.0124041 
-0.0153212 0.0124041 0.0704662 
0.0494573 -0.042295 -0.0189372 
-0.042295 0.310946 0.0533309 
-0.0189372 0.0533309 0.0650889 
0.0745755 -0.0638654 -0.0286462 
-0.0638654 0.504918 0.0979624 
-0.0286462 0.0979624 0.0884455 
0.0896619 -0.0767884 -0.0344545 
-0.0767884 0.611788 0.120059 
-0.0344545 0.120059 0.105082 
0.0908165 -0.0776852 -0.0349148 
-0.0776852 0.62048 0.121767 
-0.0349148 0.121767 0.106391 
0.0788312 -0.0666134 -0.0304444 
-0.0666134 0.542129 0.105364 
-0.0304444 0.105364 0.0929398 
0.0531435 -0.039815 -0.0213771 
-0.039815 0.387257 0.0688705 
-0.0213771 0.0688705 0.0663646 
0.0282526 -0.00356269 -0.0143137 
-0.00356269 0.281184 0.0291403 
-0.0143137 0.0291403 0.0481085 
0.0206636 0.0231174 -0.0147746 
0.0231174 0.315681 0.0103735 
-0.0147746 0.0103735 0.053929 
0.0215581 0.0344381 -0.0171245 
0.0344381 0.373427 0.00633339 
-0.0171245 0.00633339 0.0637831 
0.0214085 0.0355536 -0.0171465 
0.0355536 0.376326 0.00520951 
-0.0171465 0.00520951 0.0643277 
0.0183201 0.0294354 -0.0141031 
0.0294354 0.316379 0.00250627 
-0.0141031 0.00250627 0.0543285 
0.0137064 0.0173404 -0.00814537 
0.0173404 0.210948 -0.00565278 
-0.00814537 -0.00565278 0.0372406 
0.0127215 0.0050761 -0.00191226 
0.0050761 0.135233 -0.0228786 
-0.00191226 -0.0228786 0.0265497 
0.0168022 -0.000844879 0.00134354 
-0.000844879 0.137122 -0.0422953 
0.00134354 -0.0422953 0.0295746 
0.0204762 -0.00235028 0.00231418 
-0.00235028 0.159848 -0.0536567 
0.00231419 -0.0536567 0.0350809 
0.0219788 -0.00264627 0.00254726 
-0.00264627 0.170899 -0.0577914 
0.00254726 -0.0577914 0.0375653 
0.0223058 -0.00269519 0.00258933 
-0.00269519 0.173382 -0.058661 
0.00258933 -0.058661 0.0381164 
0.0219942 -0.0026696 0.00255079 
-0.0026696 0.170821 -0.0577976 
0.00255079 -0.0577976 0.0375666 
0.0208593 -0.00265207 0.00239205 
-0.00265207 0.160589 -0.0543502 
0.00239205 -0.0543502 0.0354515 
0.0190442 -0.00341244 0.00196011 
-0.00341244 0.134919 -0.0457847 
0.00196011 -0.0457847 0.0309097 
0.0218772 -0.00903913 0.00109585 
-0.00903913 0.0945839 -0.0327829 
0.00109585 -0.0327829 0.0279827 
0.0411702 -0.0260475 2.18076e-05 
-0.0260475 0.0713598 -0.0267178 
2.18077e-05 -0.0267178 0.039376 
0.0710789 -0.0484889 -0.000756913 
-0.0484889 0.0816732 -0.0325065 
-0.000756913 -0.0325065 0.0628073 
0.0926572 -0.0638645 -0.00113484 
-0.0638645 0.0987091 -0.0398284 
-0.00113484 -0.0398284 0.080903 
0.101909 -0.0703331 -0.00127016 
-0.0703331 0.107303 -0.0433793 
-0.00127016 -0.0433793 0.0887911 
0.101908 -0.0702726 -0.00126491 
-0.0702726 0.106873 -0.0431629 
-0.00126491 -0.0431629 0.0885293 
0.0937303 -0.0641908 -0.00111183 
-0.0641908 0.0968734 -0.0387904 
-0.00111183 -0.0387904 0.0800327 
0.0799927 -0.0525625 -0.000688147 
-0.0525625 0.0757262 -0.0286264 
-0.000688147 -0.0286264 0.0613842 
0.0784051 -0.0441567 0.000195701 
-0.0441567 0.0512685 -0.0132668 
0.000195701 -0.0132668 0.0373015 
0.110113 -0.0523552 0.00144347 
-0.0523552 0.0422402 0.000505373 
0.00144347 0.000505373 0.0227568 
0.150024 -0.0675571 0.0025144 
-0.0675571 0.0470992 0.00727069 
0.0025144 0.00727069 0.0206528 
0.164199 -0.0723081 0.00321063 
-0.0723081 0.0499076 0.00861613 
0.00321063 0.00861613 0.0211211 
0.153606 -0.064999 0.00395002 
-0.064999 0.0466651 0.00712235 
0.00395002 0.00712235 0.020099 
0.133459 -0.050874 0.00546929 
-0.050874 0.0409262 0.00387489 
0.00546929 0.00387489 0.0186312 
0.121214 -0.0362363 0.00859817 
-0.0362363 0.037889 -0.000628184 
0.00859817 -0.000628184 0.0190417 
0.130264 -0.027076 0.0135612 
-0.027076 0.0415743 -0.00561298 
0.0135612 -0.00561298 0.0229885 
0.157496 -0.0250904 0.0191803 
-0.0250904 0.0508175 -0.0099682 
0.0191803 -0.0099682 0.0294215 
0.185993 -0.0268767 0.0236532 
-0.0268767 0.0602137 -0.012918 
0.0236532 -0.012918 0.0353314 
0.203291 -0.0287033 0.026096 
-0.0287033 0.0658785 -0.0144015 
0.026096 -0.0144015 0.0387633 
0.206706 -0.029059 0.0265686 
-0.029059 0.0670815 -0.0147067 
0.0265686 -0.0147067 0.0394556 
0.196456 -0.0276015 0.0252005 
-0.0276015 0.0641696 -0.0140346 
0.0252005 -0.0140346 0.0375699 
0.171886 -0.0241589 0.0218156 
-0.0241589 0.0578248 -0.0124802 
0.0218156 -0.0124802 0.0331432 
0.135044 -0.0190192 0.0163642 
-0.0190192 0.0509994 -0.0104675 
0.0163642 -0.0104675 0.0269389 
0.0967883 -0.0137289 0.00977939 
-0.0137289 0.0505475 -0.00916641 
0.00977939 -0.00916641 0.0215684 
0.0721312 -0.0104009 0.00390868 
-0.0104009 0.0619388 -0.00971686 
0.00390868 -0.00971686 0.0199941 
0.0650056 -0.00955186 -3.63747e-06 
-0.00955186 0.0811549 -0.0117688 
-3.63747e-06 -0.0117688 0.0221115 
0.0668935 -0.00993914 -0.00205513 
-0.00993914 0.0982965 -0.013866 
-0.00205513 -0.013866 0.0251421 
0.0685058 -0.0102411 -0.00288438 
-0.0102411 0.106441 -0.0148783 
-0.00288438 -0.0148783 0.0266812 
0.0650168 -0.00980353 -0.00296694 
-0.00980353 0.103217 -0.014355 
-0.00296694 -0.014355 0.0256777 
0.0549457 -0.00849736 -0.00253335 
-0.00849736 0.0890139 -0.0122657 
-0.00253335 -0.0122657 0.0219899 
0.0395645 -0.0066624 -0.00173333 
-0.0066624 0.067595 -0.0090458 
-0.00173333 -0.0090458 0.0164029 
0.0233592 -0.00511589 -0.000793053 
-0.00511589 0.0472947 -0.00577822 
-0.000793053 -0.00577822 0.0108852 
0.0116601 -0.00458899 6.05914e-06 
-0.00458899 0.036285 -0.00363285 
6.05914e-06 -0.00363285 0.00749459 
0.00601784 -0.00496027 0.00051567 
-0.00496027 0.034865 -0.00282743 
0.00051567 -0.00282743 0.00649187 
0.00420342 -0.00555081 0.000772704 
-0.00555081 0.0373387 -0.00274065 
0.000772704 -0.00274065 0.00664632 
0.00380123 -0.00588858 0.000870151 
-0.00588858 0.0391631 -0.00279369 
0.000870151 -0.00279369 0.00689014 
0.00368224 -0.00583378 0.000866695 
-0.00583378 0.0386958 -0.00273873 
0.000866695 -0.00273872 0.00680631 
0.0035792 -0.00536897 0.000776594 
-0.00536897 0.0355741 -0.00250038 
0.000776594 -0.00250038 0.00631302 
0.00366315 -0.00450908 0.000582177 
-0.00450908 0.0298116 -0.00205192 
0.000582177 -0.00205192 0.0054701 
0.0044338 -0.00336441 0.000253481 
-0.00336441 0.0220839 -0.00140937 
0.000253481 -0.00140937 0.00451653 
0.00644011 -0.00220046 -0.000210619 
-0.00220046 0.0141132 -0.000668652 
-0.000210619 -0.000668651 0.00385985 
0.00952896 -0.00131185 -0.000729318 
-0.00131185 0.00789145 9.3806e-06 
-0.000729318 9.38078e-06 0.00375802 
0.0124238 -0.000795538 -0.00114138 
-0.000795538 0.00422039 0.000488523 
-0.00114138 0.000488523 0.00398617 
0.0135742 -0.00053009 -0.00129445 
-0.00053009 0.00253434 0.00073446 
-0.00129445 0.00073446 0.00403821 
0.0124735 -0.000348656 -0.00114426 
-0.000348656 0.00196051 0.000823948 
-0.00114426 0.000823948 0.00364119 
0.0100246 -0.000161634 -0.000778907 
-0.000161634 0.00201757 0.000895793 
-0.000778907 0.000895793 0.00296127 
0.0076537 3.89121e-05 -0.000351297 
3.89121e-05 0.00252262 0.00105651 
-0.000351297 0.00105651 0.00235585 
0.00618339 0.00022692 2.02601e-05 
0.00022692 0.00330222 0.00131363 
2.02601e-05 0.00131363 0.00202777 
0.00560559 0.000381377 0.000293522 
0.000381377 0.00414391 0.00160629 
0.000293522 0.00160629 0.00195193 
0.00556098 0.000497167 0.000477639 
0.000497167 0.00489145 0.00187486 
0.000477639 0.00187486 0.00201357 
0.00573573 0.000579443 0.000597296 
0.000579443 0.00548341 0.00209165 
0.000597296 0.00209165 0.00212019 
0.00595846 0.000636399 0.000674598 
0.000636399 0.00592297 0.0022545 
0.000674598 0.0022545 0.00222494 
0.00615988 0.000675481 0.000724993 
0.000675481 0.00623876 0.00237233 
0.000724993 0.00237233 0.00231158 
