3,3,80
0.010359 -0.0101923 -0.000814718 
-0.0101923 0.0533379 0.00307995 
-0.000814718 0.00307983 0.0266575 
0.0103585 -0.0101917 -0.000814675 
-0.0101917 0.0533351 0.00307979 
-0.000814675 0.00307967 0.0266561 
0.0103569 -0.0101902 -0.000814552 
-0.0101902 0.0533271 0.00307932 
-0.000814552 0.0030792 0.026652 
0.0103519 -0.0101853 -0.000814157 
-0.0101853 0.0533012 0.00307783 
-0.000814157 0.00307771 0.0266391 
0.0103349 -0.0101685 -0.000812815 
-0.0101685 0.0532136 0.00307276 
-0.000812815 0.00307264 0.0265953 
0.0102768 -0.0101113 -0.000808197 
-0.0101113 0.0529138 0.00305533 
-0.000808197 0.00305521 0.0264459 
0.0100843 -0.00992076 -0.000792434 
-0.00992076 0.051914 0.00299616 
-0.000792434 0.00299604 0.0259518 
0.00951047 -0.0093438 -0.000740304 
-0.0093438 0.0488628 0.00280402 
-0.000740304 0.00280391 0.024489 
0.00829689 -0.00803647 -0.000580451 
-0.00803647 0.041727 0.00224585 
-0.000580451 0.00224576 0.0214946 
0.00806297 -0.00713073 -0.000177052 
-0.00713073 0.0352245 0.000998481 
-0.000177052 0.000998429 0.021664 
0.0134195 -0.0105049 0.000482524 
-0.0105049 0.0479327 -0.000714975 
0.000482524 -0.000714992 0.0376148 
0.0217829 -0.0165685 0.00105527 
-0.0165685 0.0740429 -0.00199953 
0.00105527 -0.00199954 0.0615912 
0.0267391 -0.020253 0.00133055 
-0.020253 0.0903285 -0.00258876 
0.00133055 -0.00258876 0.0756309 
0.028127 -0.0212477 0.00139595 
-0.0212477 0.0948611 -0.00278288 
0.00139595 -0.00278288 0.0794301 
0.0274259 -0.0205896 0.00134068 
-0.0205896 0.0922397 -0.00283647 
0.00134068 -0.00283647 0.0770982 
0.0252317 -0.0185863 0.00117506 
-0.0185863 0.0841615 -0.0029482 
0.00117506 -0.0029482 0.0699462 
0.0217651 -0.0149954 0.000843411 
-0.0149954 0.0705646 -0.0035297 
0.00084341 -0.0035297 0.0574688 
0.0182784 -0.0097593 0.000243293 
-0.00975929 0.053704 -0.00565932 
0.000243291 -0.00565932 0.0404287 
0.0182395 -0.00415438 -0.000673526 
-0.00415437 0.042641 -0.010958 
-0.000673531 -0.010958 0.0249062 
0.0236711 -0.00039387 -0.00169415 
-0.000393852 0.0455402 -0.0189739 
-0.00169416 -0.0189739 0.0185079 
0.0304151 0.00110979 -0.00244194 
0.00110982 0.0553454 -0.0259155 
-0.00244196 -0.0259155 0.0193141 
0.0343807 0.00152251 -0.00280418 
0.00152253 0.0620314 -0.0295458 
-0.00280419 -0.0295458 0.0210915 
0.0356737 0.00161276 -0.00291461 
0.00161278 0.0642842 -0.0306766 
-0.00291462 -0.0306766 0.0217937 
0.035524 0.001616 -0.00290267 
0.00161603 0.0639476 -0.0305214 
-0.00290268 -0.0305214 0.021675 
0.0345993 0.00159455 -0.00282672 
0.00159458 0.0621112 -0.0296461 
-0.00282673 -0.0296461 0.021055 
0.0331244 0.00157885 -0.00270516 
0.00157888 0.0590249 -0.0281755 
-0.00270517 -0.0281755 0.0200159 
0.031239 0.00161071 -0.0025487 
0.00161073 0.0546438 -0.02609 
-0.00254871 -0.02609 0.0185472 
0.0292305 0.00176153 -0.00237965 
0.00176156 0.0489959 -0.0234056 
-0.00237966 -0.0234056 0.0166662 
0.0276218 0.00213182 -0.00223915 
0.00213183 0.0423786 -0.020268 
-0.00223916 -0.020268 0.0144844 
0.027073 0.00282293 -0.00217969 
0.00282295 0.0353816 -0.0169619 
-0.0021797 -0.0169619 0.0122114 
0.0281101 0.00388605 -0.00224365 
0.00388606 0.0287218 -0.0138308 
-0.00224365 -0.0138308 0.010094 
0.0308261 0.00527498 -0.00243921 
0.00527499 0.02298 -0.0111494 
-0.00243922 -0.0111494 0.00832206 
0.0347291 0.00682238 -0.00272575 
0.00682239 0.0184087 -0.00903099 
-0.00272576 -0.00903099 0.00696172 
0.0387539 0.00819817 -0.0029989 
0.00819818 0.0149226 -0.0074178 
-0.0029989 -0.0074178 0.00594751 
0.04149 0.00869504 -0.0030239 
0.00869505 0.0123254 -0.00616447 
-0.0030239 -0.00616447 0.00513795 
0.0425905 0.00651797 -0.00220705 
0.00651797 0.0110698 -0.00530556 
-0.00220705 -0.00530556 0.00450279 
0.0472767 -0.00236706 0.000782711 
-0.00236706 0.0139188 -0.00565895 
0.000782711 -0.00565895 0.00457856 
0.0684549 -0.0226677 0.00750612 
-0.0226677 0.0258287 -0.00889805 
0.00750612 -0.00889805 0.00659372 
0.110513 -0.0520417 0.0172086 
-0.0520417 0.0468431 -0.0152158 
0.0172086 -0.0152158 0.0108132 
0.156917 -0.0799646 0.0264299 
-0.0799646 0.0686505 -0.0219954 
0.0264299 -0.0219954 0.0154585 
0.191313 -0.0992355 0.0327947 
-0.0992355 0.084334 -0.0269394 
0.0327947 -0.0269394 0.0188842 
0.210918 -0.109851 0.0362995 
-0.109851 0.093148 -0.0297364 
0.0362995 -0.0297364 0.0208315 
0.21923 -0.114276 0.0377548 
-0.114276 0.0968769 -0.0309276 
0.0377548 -0.0309276 0.0216605 
0.219135 -0.114194 0.0377046 
-0.114194 0.0968984 -0.0309535 
0.0377046 -0.0309535 0.0216694 
0.211056 -0.109776 0.036164 
-0.109776 0.093515 -0.0299439 
0.036164 -0.0299439 0.020933 
0.193505 -0.0998779 0.0326098 
-0.0998778 0.0864061 -0.0279232 
0.0326098 -0.0279232 0.0194156 
0.166542 -0.0833156 0.0261881 
-0.0833156 0.0766545 -0.0256421 
0.0261881 -0.0256421 0.017476 
0.140942 -0.0627638 0.0166648 
-0.0627638 0.0715699 -0.026413 
0.0166648 -0.026413 0.0170315 
0.143021 -0.0483617 0.00603044 
-0.0483617 0.0858804 -0.0361281 
0.00603044 -0.0361281 0.021719 
0.185529 -0.0485758 -0.00222849 
-0.0485758 0.123651 -0.0554814 
-0.00222849 -0.0554814 0.0322728 
0.241018 -0.0576348 -0.00677732 
-0.0576348 0.165363 -0.0754024 
-0.00677732 -0.0754024 0.043508 
0.280267 -0.0657678 -0.00877059 
-0.0657678 0.193376 -0.0884439 
-0.00877059 -0.0884439 0.0509559 
0.299441 -0.070043 -0.0095303 
-0.070043 0.2068 -0.0946307 
-0.0095303 -0.0946307 0.0545067 
0.305666 -0.0714659 -0.00975377 
-0.0714659 0.211131 -0.0966184 
-0.00975377 -0.0966185 0.0556499 
0.304649 -0.0712271 -0.00972588 
-0.0712271 0.210435 -0.0962974 
-0.00972588 -0.0962975 0.0554654 
0.298701 -0.0698452 -0.00953901 
-0.0698452 0.206332 -0.0944113 
-0.00953901 -0.0944113 0.0543808 
0.287732 -0.067304 -0.00919525 
-0.067304 0.198769 -0.0909291 
-0.00919525 -0.0909291 0.0523797 
0.270133 -0.0632465 -0.00864914 
-0.0632465 0.186644 -0.0853286 
-0.00864914 -0.0853286 0.0491651 
0.243448 -0.0571462 -0.00783597 
-0.0571462 0.168289 -0.076802 
-0.00783597 -0.076802 0.0442816 
0.205641 -0.0486288 -0.00672127 
-0.0486288 0.142347 -0.0646357 
-0.00672127 -0.0646357 0.0373399 
0.157694 -0.0381025 -0.00539507 
-0.0381025 0.109576 -0.0490105 
-0.00539507 -0.0490105 0.0284859 
0.106531 -0.0273946 -0.00416356 
-0.0273946 0.0748106 -0.0319405 
-0.00416356 -0.0319405 0.0189411 
0.0637023 -0.0192562 -0.00346662 
-0.0192562 0.0459213 -0.0169654 
-0.00346662 -0.0169654 0.0107957 
0.0373984 -0.0153174 -0.00356159 
-0.0153174 0.0282279 -0.00675968 
-0.00356159 -0.00675968 0.00558869 
0.0265923 -0.0148769 -0.00433937 
-0.0148769 0.0206391 -0.00123124 
-0.00433937 -0.00123123 0.00321368 
0.0249795 -0.0161951 -0.00552789 
-0.0161951 0.0186442 0.00144213 
-0.00552789 0.00144213 0.00257078 
0.0273256 -0.0180856 -0.00694185 
-0.0180856 0.0187163 0.00290059 
-0.00694185 0.00290059 0.00270182 
0.031163 -0.0201491 -0.00851745 
-0.0201491 0.0193325 0.00399415 
-0.00851745 0.00399415 0.00312721 
0.0356845 -0.0223585 -0.0102419 
-0.0223585 0.0201017 0.00504075 
-0.0102419 0.00504075 0.00367249 
0.0406639 -0.0247518 -0.012101 
-0.0247518 0.0209953 0.00612769 
-0.012101 0.00612769 0.00428182 
0.0459842 -0.0273275 -0.0140623 
-0.0273275 0.0220325 0.00725992 
-0.0140623 0.00725992 0.00493117 
0.0515092 -0.030036 -0.0160767 
-0.030036 0.0232039 0.00841475 
-0.0160767 0.00841475 0.00560114 
0.0570752 -0.0327979 -0.0180866 
-0.0327979 0.024471 0.00956091 
-0.0180866 0.00956091 0.00627161 
0.0625096 -0.0355223 -0.0200333 
-0.0355223 0.0257797 0.0106662 
-0.0200333 0.0106662 0.00692251 
0.0676505 -0.0381209 -0.0218627 
-0.0381209 0.0270724 0.0117013 
-0.0218627 0.0117013 0.00753536 
0.0723576 -0.0405158 -0.023529 
-0.0405158 0.0282961 0.0126415 
-0.023529 0.0126415 0.00809441 
0.0765178 -0.0426432 -0.0249956 
-0.0426432 0.0294052 0.0134671 
-0.0249956 0.0134671 0.00858705 
0.0800448 -0.0444539 -0.026235 
-0.0444539 0.0303637 0.0141636 
-0.026235 0.0141636 0.00900374 
0.0828761 -0.0459117 -0.0272275 
-0.0459117 0.031144 0.0147206 
-0.0272275 0.0147206 0.00933767 
0.0849689 -0.0469916 -0.0279598 
-0.0469916 0.0317267 0.0151313 
-0.0279598 0.0151313 0.00958419 
