4  11
0.0886882  0.0777331  0.0688734  0.118614  0.0940462  0.064807  0.127763  0.0886301  0.11765  0.0750699  0.0781247  
4.20747  -0.696224  1.46787  5.7884  
10.7311  0.159715  1.14765  1.07011  
16.5973  -0.334544  1.33192  -1.33125  
24.0205  -0.402481  1.48471  -0.760581  
32.5515  -0.518601  0.820348  -0.21977  
39.5051  1.7414  -0.850243  0.105783  
46.5877  2.37774  -1.99179  0.80277  
55.2642  0.433154  -1.408  0.605842  
63.5885  -0.207021  -0.601256  0.0590945  
71.5698  0.0240608  -0.236189  0.0159836  
76.476  -0.0637842  -0.318039  0.0114471  
5.20905  0.0808646  -0.460455  -3.36494  
0.0808646  0.0674819  -0.0633713  -0.0771794  
-0.460455  -0.0633713  0.292596  0.288796  
-3.36494  -0.0771794  0.288796  2.3051  
5.76106  0.343998  -0.595826  -3.29985  
0.343998  0.121601  -0.122139  -0.235871  
-0.595826  -0.122139  0.751642  0.476851  
-3.29985  -0.235871  0.476851  2.0084  
4.94866  -0.399827  -0.428427  -0.451294  
-0.399827  0.0595517  0.080585  0.0143781  
-0.428427  0.080585  0.519634  0.0462185  
-0.451294  0.0143781  0.0462185  0.123553  
9.78529  0.384967  -0.481159  0.708629  
0.384967  0.0377735  -0.0216631  0.0305057  
-0.481159  -0.0216631  0.199559  -0.0943588  
0.708629  0.0305057  -0.0943588  0.0899861  
6.68325  -0.0354176  -0.345711  0.932643  
-0.0354176  0.114205  -0.0768954  -0.00637041  
-0.345711  -0.0768954  0.137728  -0.0967251  
0.932643  -0.00637041  -0.0967251  0.229508  
7.58185  2.48115  -0.837068  0.535702  
2.48115  1.0725  -0.391719  0.179259  
-0.837068  -0.391719  0.170977  -0.043889  
0.535702  0.179259  -0.043889  0.070288  
15.3707  -1.45562  -0.799568  0.397222  
-1.45562  0.365091  0.0438007  -0.00838345  
-0.799568  0.0438007  0.115223  -0.0368277  
0.397222  -0.00838345  -0.0368277  0.0536274  
10.3006  -1.26556  1.12124  -0.445768  
-1.26556  0.252112  -0.152183  0.0501458  
1.12124  -0.152183  0.275795  -0.0699556  
-0.445768  0.0501458  -0.0699556  0.0575071  
14.5446  -0.0209708  0.604529  -0.242053  
-0.0209708  0.00420671  -0.00771322  0.00137926  
0.604529  -0.00771322  0.070488  -0.0132724  
-0.242053  0.00137926  -0.0132724  0.0119746  
11.6634  0.341179  0.112693  -0.0714204  
0.341179  0.0366587  0.002522  -0.00476037  
0.112693  0.002522  0.00376605  0.000818378  
-0.0714204  -0.00476037  0.000818378  0.00804081  
8.10017  0.190885  0.233169  -0.136041  
0.190885  0.0115326  0.00629094  -0.00233899  
0.233169  0.00629094  0.0139996  -0.00114813  
-0.136041  -0.00233899  -0.00114813  0.00494066  
