3,3,117
0.144157 0.238297 -0.0215016 
0.238297 0.505898 -0.0311274 
-0.0215017 -0.0311274 0.0295662 
0.144151 0.238288 -0.0215008 
0.238288 0.505878 -0.0311262 
-0.0215008 -0.0311262 0.0295651 
0.144134 0.238259 -0.0214982 
0.238259 0.505817 -0.0311225 
-0.0214982 -0.0311225 0.0295615 
0.14408 0.238171 -0.0214902 
0.238171 0.50563 -0.0311109 
-0.0214903 -0.0311109 0.0295506 
0.143918 0.237904 -0.0214661 
0.237904 0.505062 -0.031076 
-0.0214661 -0.031076 0.0295174 
0.143435 0.237104 -0.021394 
0.237104 0.503365 -0.0309715 
-0.021394 -0.0309715 0.0294185 
0.142015 0.234758 -0.0211824 
0.234758 0.498384 -0.0306643 
-0.0211824 -0.0306643 0.0291294 
0.137973 0.228075 -0.0205806 
0.228075 0.484202 -0.0297859 
-0.0205806 -0.0297859 0.0283173 
0.127189 0.210241 -0.0189803 
0.210241 0.446373 -0.0274133 
-0.0189803 -0.0274133 0.0262368 
0.102462 0.16932 -0.0153457 
0.16932 0.359708 -0.0217877 
-0.0153457 -0.0217877 0.0220206 
0.0616734 0.101685 -0.00950591 
0.101685 0.217076 -0.0116792 
-0.00950593 -0.0116792 0.0175421 
0.0237376 0.0384423 -0.00445493 
0.0384423 0.0851888 -0.000253599 
-0.00445494 -0.000253598 0.0194145 
0.00660653 0.00943249 -0.00263341 
0.00943249 0.0264772 0.00733204 
-0.00263341 0.00733205 0.0274673 
0.00263951 0.00226809 -0.00252813 
0.00226809 0.0131887 0.0107005 
-0.00252813 0.0107005 0.0340208 
0.00235586 0.00106986 -0.00272671 
0.00106986 0.01164 0.011818 
-0.00272671 0.011818 0.0367403 
0.00326306 0.000924698 -0.00304688 
0.000924699 0.0122056 0.0119578 
-0.00304688 0.0119578 0.0368549 
0.00618929 0.000988333 -0.00392229 
0.000988333 0.0145034 0.0117432 
-0.00392229 0.0117432 0.0355229 
0.0150482 0.00130629 -0.00669896 
0.00130629 0.0221968 0.0118703 
-0.00669896 0.0118703 0.0339806 
0.0400907 0.00233542 -0.0148632 
0.00233542 0.0454128 0.014086 
-0.0148632 0.014086 0.0354555 
0.0997414 0.00495498 -0.0347466 
0.00495498 0.102721 0.0219281 
-0.0347466 0.0219281 0.0470226 
0.205486 0.00975647 -0.0704058 
0.00975647 0.206204 0.0382474 
-0.0704058 0.0382474 0.0751183 
0.332873 0.0156376 -0.113616 
0.0156376 0.332028 0.0593911 
-0.113616 0.0593911 0.113626 
0.43657 0.0204645 -0.14889 
0.0204645 0.434916 0.0771953 
-0.14889 0.0771953 0.146837 
0.497294 0.0233066 -0.169573 
0.0233066 0.495291 0.0877782 
-0.169573 0.0877782 0.166793 
0.523245 0.0245482 -0.17841 
0.0245482 0.521107 0.0923036 
-0.17841 0.0923036 0.175414 
0.526523 0.0248305 -0.17949 
0.0248305 0.524317 0.0927416 
-0.17949 0.0927416 0.176499 
0.512389 0.0247412 -0.174507 
0.0247412 0.510018 0.0896423 
-0.174507 0.0896423 0.171758 
0.480472 0.0256063 -0.162949 
0.0256063 0.477316 0.0815194 
-0.162949 0.0815194 0.161054 
0.434244 0.0320933 -0.144711 
0.0320933 0.427921 0.0642312 
-0.144711 0.0642312 0.14554 
0.401469 0.056893 -0.126003 
0.056893 0.385067 0.030658 
-0.126003 0.030658 0.134499 
0.445883 0.119884 -0.123728 
0.119884 0.405681 -0.0257777 
-0.123728 -0.0257777 0.149263 
0.613707 0.22716 -0.152522 
0.22716 0.534272 -0.101066 
-0.152522 -0.101066 0.205316 
0.857069 0.351143 -0.203308 
0.351143 0.732988 -0.176919 
-0.203308 -0.176919 0.286664 
1.07977 0.454461 -0.252682 
0.454461 0.918766 -0.235634 
-0.252682 -0.235634 0.361127 
1.23017 0.521329 -0.286854 
0.521329 1.04535 -0.272223 
-0.286854 -0.272223 0.411424 
1.30635 0.55458 -0.304338 
0.55458 1.10973 -0.290111 
-0.304338 -0.290111 0.436922 
1.31912 0.560198 -0.307229 
0.560198 1.12051 -0.2932 
-0.307229 -0.2932 0.441264 
1.26941 0.538924 -0.295598 
0.538924 1.07842 -0.28215 
-0.295598 -0.28215 0.424918 
1.1439 0.484813 -0.266244 
0.484813 0.972401 -0.25401 
-0.266244 -0.25401 0.383947 
0.927599 0.390302 -0.215484 
0.390302 0.790575 -0.205104 
-0.215484 -0.205104 0.314854 
0.640509 0.261318 -0.147596 
0.261318 0.551796 -0.139092 
-0.147596 -0.139092 0.227517 
0.367485 0.131334 -0.0819647 
0.131334 0.329991 -0.0740484 
-0.0819647 -0.0740484 0.153494 
0.19809 0.040096 -0.0396972 
0.040096 0.200008 -0.0304156 
-0.0396972 -0.0304156 0.120642 
0.134618 -0.00519336 -0.0222377 
-0.00519336 0.159308 -0.0106307 
-0.0222377 -0.0106307 0.122041 
0.123608 -0.0228009 -0.0177843 
-0.0228009 0.159277 -0.00418118 
-0.0177843 -0.00418118 0.134324 
0.126638 -0.0289831 -0.0173987 
-0.0289831 0.167235 -0.0025435 
-0.0173987 -0.0025435 0.144559 
0.13046 -0.0311879 -0.0177294 
-0.0311879 0.173241 -0.00220865 
-0.0177294 -0.00220865 0.150564 
0.132765 -0.0320228 -0.0180012 
-0.0320228 0.176506 -0.00215985 
-0.0180012 -0.00215985 0.153575 
0.133764 -0.0323217 -0.0181283 
-0.0323217 0.177877 -0.00215816 
-0.0181283 -0.00215816 0.154802 
0.133487 -0.0322704 -0.0180907 
-0.0322704 0.177522 -0.00214824 
-0.0180907 -0.00214824 0.15449 
0.13056 -0.0316363 -0.0177201 
-0.0316363 0.173717 -0.00206834 
-0.0177201 -0.00206834 0.15102 
0.12121 -0.0302662 -0.0167815 
-0.0302662 0.162366 -0.00151687 
-0.0167815 -0.00151687 0.139138 
0.106097 -0.034075 -0.0174886 
-0.034075 0.151348 0.00208739 
-0.0174886 0.00208739 0.112758 
0.119298 -0.0712748 -0.0318337 
-0.0712748 0.210283 0.0171916 
-0.0318337 0.0171916 0.0875219 
0.200925 -0.161694 -0.0689948 
-0.161694 0.404847 0.0477083 
-0.0689948 0.0477083 0.0977873 
0.300914 -0.255935 -0.108422 
-0.255935 0.623082 0.0776315 
-0.108422 0.0776315 0.130032 
0.363394 -0.311872 -0.131987 
-0.311872 0.755872 0.0949347 
-0.131987 0.0949347 0.153671 
0.384761 -0.330542 -0.139944 
-0.330542 0.800778 0.100411 
-0.139944 0.100411 0.162214 
0.372242 -0.318976 -0.135358 
-0.318976 0.773943 0.0958384 
-0.135358 0.0958384 0.157544 
0.32489 -0.274771 -0.117839 
-0.274771 0.671878 0.0783606 
-0.117839 0.0783606 0.140439 
0.245687 -0.194182 -0.0879542 
-0.194182 0.494513 0.0395503 
-0.0879542 0.0395503 0.117249 
0.177508 -0.101723 -0.0602573 
-0.101723 0.318797 -0.0272788 
-0.0602573 -0.0272788 0.11604 
0.179578 -0.0492707 -0.0563856 
-0.0492707 0.268997 -0.105263 
-0.0563856 -0.105263 0.160958 
0.221693 -0.0397435 -0.0678113 
-0.0397435 0.311048 -0.160476 
-0.0678113 -0.160476 0.215829 
0.249721 -0.0416826 -0.0761219 
-0.0416826 0.347296 -0.185232 
-0.0761219 -0.185232 0.245624 
0.258858 -0.0429143 -0.0788837 
-0.0429143 0.359712 -0.192434 
-0.0788837 -0.192434 0.254854 
0.258087 -0.0427634 -0.0786532 
-0.0427634 0.358627 -0.191892 
-0.0786532 -0.191892 0.254131 
0.251111 -0.041601 -0.0765512 
-0.041601 0.348964 -0.186708 
-0.0765512 -0.186708 0.247337 
0.23687 -0.0392221 -0.0722982 
-0.0392221 0.329287 -0.176122 
-0.0722982 -0.176122 0.233579 
0.211839 -0.0350088 -0.0649678 
-0.0350088 0.29489 -0.157522 
-0.0649678 -0.157522 0.209842 
0.172907 -0.0283546 -0.0540215 
-0.0283546 0.241976 -0.128606 
-0.0540215 -0.128606 0.174311 
0.122911 -0.0195469 -0.0411487 
-0.0195469 0.175553 -0.0915142 
-0.0411487 -0.0915142 0.132298 
0.0747508 -0.0105364 -0.0311234 
-0.0105364 0.114632 -0.0558665 
-0.0311234 -0.0558665 0.0990798 
0.0429348 -0.00380974 -0.0279929 
-0.00380974 0.0788912 -0.0324367 
-0.0279929 -0.0324367 0.0877988 
0.0295156 -0.000121853 -0.030511 
-0.000121853 0.0687682 -0.0226868 
-0.030511 -0.0226868 0.0947615 
0.0265168 0.00148016 -0.0345827 
0.00148016 0.0710326 -0.0206284 
-0.0345827 -0.0206284 0.107033 
0.0268318 0.0020904 -0.0376646 
0.0020904 0.0753228 -0.0209641 
-0.0376646 -0.0209641 0.116462 
0.027393 0.00230054 -0.0391927 
0.00230054 0.0778562 -0.0214231 
-0.0391927 -0.0214231 0.121166 
0.027345 0.00234182 -0.0392918 
0.00234182 0.0779462 -0.0213739 
-0.0392918 -0.0213739 0.121493 
0.0264438 0.00228942 -0.037983 
0.00228942 0.0753941 -0.0206096 
-0.037983 -0.0206096 0.117536 
0.0244675 0.00217148 -0.0349636 
0.00217148 0.0696422 -0.018864 
-0.0349636 -0.018864 0.108501 
0.0212227 0.00204514 -0.0297291 
0.00204514 0.0600006 -0.0157135 
-0.0297291 -0.0157135 0.0932342 
0.0169959 0.00209153 -0.022121 
0.00209153 0.0469023 -0.0107582 
-0.022121 -0.0107582 0.0721813 
0.0131147 0.00265183 -0.0132084 
0.00265183 0.033563 -0.00412391 
-0.0132084 -0.00412391 0.0500119 
0.0113818 0.0039625 -0.00528385 
0.0039625 0.0249213 0.00310664 
-0.00528385 0.00310664 0.0343036 
0.0121747 0.00574573 -4.52001e-05 
0.00574573 0.0228404 0.00938931 
-4.52001e-05 0.00938931 0.0284364 
0.0141317 0.00739884 0.00266142 
0.00739884 0.0246642 0.0138349 
0.00266142 0.0138349 0.0290107 
0.0159139 0.00856712 0.00387207 
0.00856712 0.0271788 0.0165263 
0.00387207 0.0165263 0.0313806 
0.0170797 0.00925755 0.00438947 
0.00925755 0.0290107 0.0179899 
0.00438947 0.0179899 0.0333352 
0.0177116 0.00961543 0.00460905 
0.00961543 0.0300452 0.0187173 
0.00460905 0.0187173 0.0344844 
0.0179788 0.00976403 0.00469187 
0.00976403 0.0304894 0.019014 
0.00469187 0.019014 0.0349849 
0.0179649 0.00975714 0.00469128 
0.00975714 0.0304645 0.0190024 
0.00469128 0.0190024 0.0349533 
0.0176183 0.00956837 0.00460188 
0.00956837 0.0298803 0.0186359 
0.00460188 0.0186359 0.0342767 
0.0167205 0.00907684 0.00436992 
0.00907684 0.0283781 0.017683 
0.00436992 0.017683 0.032522 
0.0149063 0.00807333 0.00390731 
0.00807333 0.0253967 0.0157488 
0.00390731 0.0157488 0.0289568 
0.0119589 0.00640373 0.00318 
0.00640373 0.0207593 0.0125736 
0.00318 0.0125736 0.0230882 
0.00849854 0.00433104 0.00239552 
0.00433104 0.0159041 0.00875172 
0.00239552 0.00875172 0.0159784 
0.00602471 0.00261983 0.00197636 
0.00261983 0.0136357 0.00582764 
0.00197636 0.00582764 0.0104475 
0.00531387 0.00177211 0.00207573 
0.00177211 0.0148497 0.00468987 
0.00207573 0.00468987 0.00816298 
0.00569714 0.00157335 0.00242708 
0.00157335 0.0176323 0.00475517 
0.00242708 0.00475517 0.00811399 
0.00630245 0.00162088 0.00275882 
0.00162088 0.0201327 0.0051604 
0.00275882 0.0051604 0.00874245 
0.00676647 0.00170422 0.00298416 
0.00170422 0.0218037 0.00551025 
0.00298416 0.00551025 0.00931582 
0.00704611 0.00176422 0.00311393 
0.00176422 0.0227594 0.00572924 
0.00311393 0.00572924 0.00968045 
0.00716482 0.00179095 0.00316826 
0.00179095 0.0231588 0.00582306 
0.00316826 0.00582306 0.00983781 
0.00708366 0.00177061 0.00313253 
0.00177061 0.0228995 0.00575463 
0.00313253 0.00575463 0.00972771 
0.00660826 0.00166055 0.00291828 
0.00166055 0.0213454 0.0053505 
0.00291828 0.0053505 0.00910692 
0.00544096 0.00143863 0.00236967 
0.00143863 0.0174275 0.00426561 
0.00236967 0.00426561 0.00775561 
0.00399111 0.00140947 0.00157392 
0.00140947 0.0120513 0.00243666 
0.00157392 0.00243666 0.00696495 
0.00385187 0.00216104 0.00114754 
0.00216104 0.00997508 0.000786679 
0.00114754 0.000786679 0.00960656 
0.00503092 0.00334014 0.00125868 
0.00334014 0.0119581 1.58738e-05 
0.00125868 1.58738e-05 0.0144117 
0.00613298 0.00419368 0.00147788 
0.00419368 0.0143257 -0.000218804 
0.00147788 -0.000218804 0.0180077 
0.00674279 0.00463261 0.00161464 
0.00463261 0.0157047 -0.000283463 
0.00161464 -0.000283463 0.0198773 
0.00702873 0.00483308 0.00168125 
0.00483308 0.0163624 -0.000303325 
0.00168125 -0.000303325 0.0207347 
0.0071584 0.00492304 0.0017119 
0.00492304 0.0166626 -0.000310476 
0.0017119 -0.000310476 0.0211201 
0.00721824 0.00496437 0.00172613 
0.00496437 0.0168015 -0.000313413 
0.00172613 -0.000313413 0.0212973 
0.00724689 0.00498412 0.00173296 
0.00498412 0.0168681 -0.00031474 
0.00173296 -0.00031474 0.021382 
0.00726122 0.00499398 0.00173638 
0.00499398 0.0169014 -0.000315385 
0.00173638 -0.000315385 0.0214243 
