3,3,100
0.0168379 0.00187658 -0.00060467 
0.00187658 0.0658039 0.0271035 
-0.00060467 0.0271035 0.0434849 
0.0168362 0.00187639 -0.000604607 
0.00187639 0.0657972 0.0271007 
-0.000604607 0.0271007 0.0434805 
0.0168332 0.00187606 -0.000604497 
0.00187606 0.0657856 0.0270959 
-0.000604497 0.0270959 0.0434728 
0.0168279 0.00187548 -0.000604298 
0.00187548 0.0657649 0.0270874 
-0.000604298 0.0270874 0.0434592 
0.0168181 0.0018744 -0.000603918 
0.0018744 0.0657266 0.0270716 
-0.000603918 0.0270716 0.0434339 
0.0167988 0.00187229 -0.00060313 
0.00187229 0.0656509 0.0270405 
-0.00060313 0.0270405 0.0433839 
0.0167562 0.00186769 -0.000601234 
0.00186769 0.0654833 0.0269717 
-0.000601234 0.0269717 0.0432735 
0.016634 0.00185464 -0.000595241 
0.00185464 0.0650005 0.0267738 
-0.000595241 0.0267738 0.0429559 
0.0161386 0.00179922 -0.000568017 
0.00179922 0.0630387 0.0259801 
-0.000568017 0.0259801 0.0416689 
0.014179 0.00146235 -0.00038431 
0.00146235 0.0552193 0.0232107 
-0.00038431 0.0232107 0.0366482 
0.0128545 -0.000846284 0.00105933 
-0.000846284 0.0489466 0.0278682 
0.00105933 0.0278682 0.0345088 
0.0264637 -0.00785241 0.00566376 
-0.00785241 0.0989415 0.0764106 
0.00566376 0.0764106 0.0750457 
0.0430412 -0.0139884 0.00974792 
-0.0139884 0.160991 0.128015 
0.00974792 0.128015 0.122983 
0.0497642 -0.0162457 0.0113464 
-0.0162457 0.186022 0.148249 
0.0113464 0.148249 0.142211 
0.049945 -0.0160602 0.0116207 
-0.0160602 0.185752 0.148156 
0.0116207 0.148156 0.142263 
0.045272 -0.0134515 0.0115211 
-0.0134515 0.164286 0.131422 
0.0115211 0.131422 0.126904 
0.036841 -0.00583636 0.0139154 
-0.00583636 0.114936 0.093716 
0.0139154 0.093716 0.0938317 
0.0380927 0.0109792 0.02942 
0.0109792 0.0569801 0.0530889 
0.02942 0.0530889 0.0656794 
0.0599194 0.0302117 0.0574631 
0.0302117 0.0443363 0.0509168 
0.0574631 0.0509168 0.0797385 
0.0739891 0.0388617 0.0718737 
0.0388617 0.0523301 0.0602153 
0.0718737 0.0602153 0.0960816 
0.0763693 0.04065 0.0740329 
0.04065 0.0565134 0.0626224 
0.0740329 0.0626224 0.0988492 
0.0754796 0.0408434 0.0729207 
0.0408434 0.059379 0.0626525 
0.0729207 0.0626525 0.0973608 
0.0739558 0.0409071 0.0711151 
0.0409071 0.0628812 0.0624027 
0.0711151 0.0624027 0.0949479 
0.0722221 0.0411358 0.069002 
0.0411358 0.0676929 0.0622971 
0.069002 0.0622971 0.092124 
0.0703596 0.0416667 0.0666248 
0.0416667 0.0743712 0.0625094 
0.0666248 0.0625094 0.0889466 
0.0684426 0.0426639 0.0640089 
0.0426639 0.0836305 0.0632431 
0.0640089 0.0632431 0.0854493 
0.0665896 0.0443527 0.0612079 
0.0443527 0.096418 0.0647808 
0.0612079 0.0647808 0.0817034 
0.0649812 0.047035 0.0583199 
0.047035 0.113955 0.0675055 
0.0583199 0.0675055 0.0778395 
0.0638735 0.0510958 0.0554998 
0.0510958 0.137747 0.0719114 
0.0554998 0.0719114 0.0740637 
0.0636015 0.0569948 0.0529666 
0.0569948 0.169533 0.0785949 
0.0529666 0.0785949 0.0706678 
0.0645632 0.06523 0.0509987 
0.06523 0.211119 0.0882092 
0.0509987 0.0882092 0.0680229 
0.0671716 0.0762582 0.0499074 
0.0762582 0.264068 0.101364 
0.0499074 0.101364 0.0665441 
0.0717669 0.0903665 0.0499825 
0.0903665 0.329193 0.118459 
0.0499825 0.118459 0.0666182 
0.078489 0.107497 0.0514089 
0.107497 0.405902 0.139456 
0.0514089 0.139456 0.0684923 
0.087129 0.127048 0.0541653 
0.127048 0.491469 0.163622 
0.0541653 0.163622 0.0721402 
0.0969922 0.147691 0.0579291 
0.147691 0.580394 0.18928 
0.0579291 0.18928 0.0771356 
0.106819 0.167248 0.062012 
0.167248 0.66407 0.213639 
0.062012 0.213639 0.0825717 
0.114831 0.182717 0.0653626 
0.182717 0.731205 0.23278 
0.0653627 0.23278 0.087076 
0.119013 0.190585 0.0666841 
0.190585 0.769785 0.241975 
0.0666841 0.241975 0.0889921 
0.117791 0.187692 0.0647393 
0.187692 0.771678 0.236631 
0.0647394 0.236631 0.0868294 
0.111069 0.172706 0.0588707 
0.172706 0.73962 0.214045 
0.0588707 0.214045 0.079993 
0.101065 0.147608 0.0495335 
0.147608 0.692253 0.175403 
0.0495335 0.175403 0.0694621 
0.0918432 0.117729 0.0383665 
0.117729 0.659514 0.126421 
0.0383666 0.126421 0.0577153 
0.0872387 0.0894913 0.0274977 
0.0894913 0.666934 0.0753126 
0.0274977 0.0753126 0.047569 
0.0887379 0.06738 0.0185312 
0.06738 0.72096 0.0292392 
0.0185313 0.0292392 0.0407418 
0.095172 0.0526065 0.0120384 
0.0526065 0.808522 -0.00800596 
0.0120384 -0.00800596 0.0373517 
0.104059 0.043976 0.00776742 
0.043976 0.908286 -0.035869 
0.00776742 -0.035869 0.0364731 
0.113031 0.0394672 0.00513262 
0.0394672 1.00143 -0.0555832 
0.00513262 -0.0555832 0.0369449 
0.120444 0.0372634 0.00356559 
0.0372634 1.07554 -0.0688293 
0.00356559 -0.0688293 0.0378311 
0.125293 0.0360657 0.00264741 
0.0360657 1.12329 -0.0770185 
0.00264741 -0.0770185 0.0385049 
0.126899 0.0350216 0.00211321 
0.0350216 1.13943 -0.0810647 
0.00211321 -0.0810647 0.0385638 
0.124658 0.0335659 0.0018206 
0.0335659 1.11845 -0.0814168 
0.0018206 -0.0814169 0.0377384 
0.118022 0.0313206 0.00172917 
0.0313206 1.05409 -0.0782598 
0.00172917 -0.0782598 0.0358837 
0.10685 0.0281187 0.00190638 
0.0281187 0.941645 -0.0719256 
0.00190638 -0.0719256 0.0331095 
0.0921881 0.0241641 0.0025489 
0.0241641 0.784275 -0.0635452 
0.0025489 -0.0635452 0.0300482 
0.0770636 0.0202098 0.00396193 
0.0202098 0.60066 -0.0556144 
0.00396193 -0.0556145 0.0280553 
0.0660504 0.0174213 0.00640191 
0.0174213 0.425466 -0.0515492 
0.00640191 -0.0515492 0.0288407 
0.0627201 0.0166972 0.00979744 
0.0166972 0.293807 -0.0536736 
0.00979744 -0.0536736 0.0333074 
0.0669348 0.017961 0.0136279 
0.017961 0.219632 -0.0612845 
0.0136279 -0.0612845 0.0405936 
0.0752625 0.0202822 0.0171926 
0.0202822 0.191638 -0.0712618 
0.0171926 -0.0712618 0.0486181 
0.0839085 0.0226524 0.0200108 
0.0226524 0.188686 -0.0805084 
0.0200108 -0.0805084 0.0555455 
0.0907214 0.0245085 0.0219584 
0.0245085 0.194385 -0.0874532 
0.0219584 -0.0874532 0.0605723 
0.0951697 0.0257197 0.023143 
0.0257197 0.200534 -0.091884 
0.023143 -0.091884 0.0637231 
0.0975055 0.0263633 0.0237323 
0.0263633 0.204333 -0.0941845 
0.0237323 -0.0941845 0.0653445 
0.0981177 0.0265566 0.0238504 
0.0265566 0.205251 -0.0947854 
0.0238504 -0.0947854 0.0657667 
0.0972519 0.0263918 0.0235344 
0.0263918 0.203304 -0.0939394 
0.0235344 -0.0939394 0.0651741 
0.0949696 0.0259476 0.0227077 
0.0259476 0.198429 -0.0917004 
0.0227077 -0.0917004 0.0636006 
0.0912611 0.0253676 0.0211402 
0.0253676 0.190496 -0.0880316 
0.0211402 -0.0880316 0.0610046 
0.0863432 0.0250372 0.0183709 
0.0250372 0.179805 -0.0830764 
0.0183709 -0.0830764 0.0574471 
0.0812262 0.0258959 0.0135984 
0.0258959 0.168195 -0.0776752 
0.0135984 -0.0776752 0.0534321 
0.0784769 0.0298016 0.00561801 
0.0298016 0.160553 -0.0740706 
0.00561801 -0.0740706 0.0503771 
0.082509 0.0395182 -0.00696541 
0.0395182 0.165468 -0.0762066 
-0.00696541 -0.0762066 0.050832 
0.0981061 0.0576013 -0.0249711 
0.0576013 0.192424 -0.0884475 
-0.0249711 -0.0884475 0.057675 
0.126954 0.0842345 -0.0475606 
0.0842345 0.245057 -0.112478 
-0.0475606 -0.112478 0.0721074 
0.165166 0.115995 -0.0719511 
0.115995 0.316206 -0.145026 
-0.0719511 -0.145025 0.0921411 
0.205179 0.147457 -0.0946682 
0.147457 0.39144 -0.179473 
-0.0946682 -0.179473 0.113587 
0.240308 0.17423 -0.113277 
0.17423 0.457838 -0.20989 
-0.113277 -0.20989 0.132636 
0.267428 0.194527 -0.127058 
0.194527 0.509249 -0.233448 
-0.127058 -0.233448 0.14744 
0.286562 0.208694 -0.13654 
0.208694 0.545583 -0.250099 
-0.13654 -0.250099 0.157924 
0.299252 0.21803 -0.142735 
0.21803 0.569704 -0.261155 
-0.142735 -0.261155 0.164892 
0.307286 0.223919 -0.146622 
0.223919 0.584986 -0.26816 
-0.146622 -0.26816 0.16931 
0.312085 0.227429 -0.148932 
0.227429 0.594116 -0.272345 
-0.148932 -0.272345 0.171951 
0.314458 0.229162 -0.150071 
0.229162 0.598632 -0.274415 
-0.150071 -0.274415 0.173257 
0.314407 0.229126 -0.150049 
0.229126 0.598539 -0.27437 
-0.150049 -0.27437 0.173229 
0.310725 0.22644 -0.148288 
0.22644 0.591555 -0.271157 
-0.148288 -0.271157 0.171198 
0.300326 0.218839 -0.143296 
0.218839 0.571905 -0.262079 
-0.143296 -0.262079 0.165459 
0.277867 0.202363 -0.132436 
0.202363 0.529882 -0.242472 
-0.132436 -0.242472 0.153037 
0.237769 0.172701 -0.112729 
0.172701 0.456469 -0.207445 
-0.112729 -0.207445 0.130752 
0.181043 0.130021 -0.0839207 
0.130021 0.357391 -0.157836 
-0.0839207 -0.157836 0.0989129 
0.121482 0.0836841 -0.0516982 
0.0836841 0.263495 -0.105627 
-0.0516982 -0.105627 0.0648174 
0.0770062 0.0467818 -0.0246558 
0.0467818 0.208681 -0.0664572 
-0.0246558 -0.0664572 0.0383528 
0.0534163 0.0246042 -0.00693844 
0.0246042 0.196926 -0.0454746 
-0.00693844 -0.0454745 0.0231793 
0.0445189 0.013775 0.00293634 
0.013775 0.208879 -0.0373644 
0.00293634 -0.0373644 0.0163807 
0.0425642 0.00910561 0.0080726 
0.00910561 0.226733 -0.0354005 
0.0080726 -0.0354005 0.0138875 
0.0430209 0.00720979 0.0107416 
0.00720979 0.242421 -0.0356217 
0.0107416 -0.0356217 0.0131665 
0.0440114 0.00645793 0.0121779 
0.00645793 0.254105 -0.0363688 
0.0121779 -0.0363688 0.013069 
0.0449258 0.00616307 0.0129867 
0.00616307 0.262237 -0.0370903 
0.0129867 -0.0370903 0.0131533 
0.0456259 0.0060496 0.0134604 
0.0060496 0.267717 -0.0376516 
0.0134604 -0.0376516 0.0132668 
0.0461171 0.00600792 0.0137437 
0.00600791 0.271309 -0.0380485 
0.0137437 -0.0380485 0.013363 
0.0464352 0.00599404 0.0139102 
0.00599404 0.273548 -0.0383065 
0.0139102 -0.0383065 0.0134311 
