3,3,117
0.0993928 0.165011 -0.0167861 
0.165011 0.3495 -0.0242001 
-0.0167861 -0.0242001 0.042786 
0.0992259 0.164734 -0.0167578 
0.164734 0.348914 -0.0241593 
-0.0167578 -0.0241593 0.0427133 
0.0989695 0.164308 -0.0167143 
0.164308 0.348013 -0.0240966 
-0.0167143 -0.0240966 0.0426013 
0.0985723 0.163649 -0.0166468 
0.163649 0.346618 -0.0239995 
-0.0166468 -0.0239995 0.0424269 
0.0979476 0.162613 -0.0165403 
0.162613 0.344424 -0.0238463 
-0.0165404 -0.0238463 0.0421506 
0.096948 0.160955 -0.0163693 
0.160955 0.340917 -0.0236005 
-0.0163693 -0.0236005 0.0417028 
0.0953288 0.158272 -0.0160901 
0.158272 0.335244 -0.0232 
-0.0160902 -0.0232 0.0409611 
0.0927144 0.153945 -0.0156331 
0.153945 0.326105 -0.0225466 
-0.0156332 -0.0225466 0.0397144 
0.0886603 0.147253 -0.014904 
0.147253 0.312007 -0.0215109 
-0.014904 -0.0215109 0.0376202 
0.0831732 0.138258 -0.0138454 
0.138258 0.293179 -0.0200307 
-0.0138454 -0.0200307 0.0342229 
0.0786578 0.131095 -0.0126981 
0.131095 0.278663 -0.0185106 
-0.0126981 -0.0185106 0.029259 
0.0840835 0.140983 -0.0125978 
0.140983 0.30134 -0.0187201 
-0.0125978 -0.0187201 0.0236147 
0.115735 0.195405 -0.0157808 
0.195405 0.420294 -0.024062 
-0.0157809 -0.024062 0.0202648 
0.179775 0.304569 -0.0233119 
0.304569 0.657106 -0.0360631 
-0.0233119 -0.0360631 0.0220508 
0.253435 0.429765 -0.0323963 
0.429765 0.927997 -0.0503285 
-0.0323963 -0.0503285 0.0274184 
0.308688 0.523564 -0.0393398 
0.523564 1.13074 -0.0611703 
-0.0393398 -0.0611703 0.0324593 
0.339491 0.57583 -0.0432416 
0.57583 1.24366 -0.0672483 
-0.0432416 -0.0672483 0.0355107 
0.353718 0.599966 -0.0450497 
0.599966 1.29579 -0.0700621 
-0.0450497 -0.0700621 0.0369668 
0.359509 0.609788 -0.0457866 
0.609788 1.317 -0.0712084 
-0.0457866 -0.0712084 0.0375671 
0.361548 0.613247 -0.0460462 
0.613247 1.32448 -0.0716122 
-0.0460462 -0.0716122 0.0377796 
0.361924 0.613884 -0.0460941 
0.613884 1.32585 -0.0716867 
-0.0460941 -0.0716867 0.0378188 
0.361324 0.612864 -0.0460179 
0.612864 1.32365 -0.0715679 
-0.0460179 -0.0715679 0.0377563 
0.359679 0.610067 -0.0458095 
0.610067 1.3176 -0.0712425 
-0.0458095 -0.0712425 0.0375852 
0.356365 0.604417 -0.0453912 
0.604417 1.30539 -0.0705877 
-0.0453912 -0.0705877 0.0372418 
0.350146 0.593762 -0.0446135 
0.593762 1.28233 -0.069362 
-0.0446135 -0.069362 0.0366027 
0.339051 0.574575 -0.04325 
0.574575 1.24073 -0.0671856 
-0.04325 -0.0671856 0.035481 
0.320484 0.541896 -0.0410451 
0.541896 1.16963 -0.0635764 
-0.0410451 -0.0635764 0.0336619 
0.292175 0.4904 -0.0379081 
0.4904 1.0569 -0.0581696 
-0.0379081 -0.0581696 0.0310589 
0.254658 0.417769 -0.0343408 
0.417769 0.896114 -0.0512575 
-0.0343408 -0.0512575 0.0280576 
0.214512 0.329904 -0.0318878 
0.329904 0.697743 -0.044448 
-0.0318878 -0.044448 0.0258841 
0.184187 0.242872 -0.0328093 
0.242872 0.494315 -0.0405034 
-0.0328093 -0.0405034 0.0263604 
0.174462 0.175179 -0.0384376 
0.175179 0.325947 -0.0415581 
-0.0384376 -0.0415581 0.030603 
0.185462 0.135237 -0.0476646 
0.135237 0.21449 -0.047187 
-0.0476646 -0.047187 0.0378113 
0.207272 0.118146 -0.05759 
0.118146 0.154726 -0.0547779 
-0.05759 -0.0547779 0.0457725 
0.22836 0.113279 -0.0654837 
0.113279 0.127903 -0.0615986 
-0.0654837 -0.0615986 0.0524392 
0.241412 0.11172 -0.0698355 
0.11172 0.116864 -0.0661231 
-0.0698355 -0.0661231 0.0568196 
0.243597 0.108263 -0.0701355 
0.108263 0.111265 -0.0680483 
-0.0701355 -0.0680483 0.0589032 
0.234753 0.100315 -0.0662983 
0.100315 0.106487 -0.067907 
-0.0662983 -0.067907 0.0593588 
0.216262 0.0865647 -0.0583374 
0.0865647 0.101576 -0.0669333 
-0.0583374 -0.0669333 0.0594843 
0.191166 0.0664066 -0.0463983 
0.0664066 0.0980931 -0.0672274 
-0.0463983 -0.0672274 0.0613996 
0.164759 0.0400612 -0.0310433 
0.0400612 0.0995328 -0.0718224 
-0.0310433 -0.0718224 0.0680927 
0.144185 0.00903222 -0.0135513 
0.00903222 0.110127 -0.0839587 
-0.0135513 -0.0839587 0.0826572 
0.135749 -0.0237395 0.00412722 
-0.0237395 0.132299 -0.105212 
0.00412722 -0.105212 0.106419 
0.141111 -0.0545842 0.0199573 
-0.0545842 0.164093 -0.133644 
0.0199573 -0.133644 0.137155 
0.156184 -0.0804687 0.0325958 
-0.0804687 0.199443 -0.164199 
0.0325958 -0.164199 0.169597 
0.174315 -0.100019 0.0417291 
-0.100019 0.23167 -0.191549 
0.0417291 -0.191549 0.198344 
0.190367 -0.113517 0.0478178 
-0.113517 0.256814 -0.212667 
0.0478178 -0.212667 0.220412 
0.202231 -0.122174 0.0516273 
-0.122174 0.274226 -0.227207 
0.0516273 -0.227207 0.235553 
0.209993 -0.127396 0.0538881 
-0.127396 0.285225 -0.23636 
0.0538881 -0.23636 0.245067 
0.214594 -0.130355 0.0551566 
-0.130355 0.291624 -0.241675 
0.0551566 -0.241675 0.250585 
0.216978 -0.131852 0.0557949 
-0.131852 0.294908 -0.2444 
0.0557949 -0.2444 0.253412 
0.217722 -0.132316 0.0559926 
-0.132316 0.295937 -0.24525 
0.0559926 -0.24525 0.254293 
0.216902 -0.131814 0.0557801 
-0.131814 0.294852 -0.244335 
0.0557801 -0.244335 0.253338 
0.21397 -0.129999 0.0550104 
-0.129999 0.290984 -0.241058 
0.0550104 -0.241058 0.249912 
0.207586 -0.125976 0.0532998 
-0.125976 0.282803 -0.233971 
0.0532998 -0.233971 0.242443 
0.195577 -0.118121 0.0499452 
-0.118121 0.268405 -0.22085 
0.0499452 -0.22085 0.228369 
0.17566 -0.104102 0.043907 
-0.104102 0.247961 -0.199814 
0.043907 -0.199814 0.204944 
0.147903 -0.081625 0.0340859 
-0.081625 0.229644 -0.172646 
0.0340859 -0.172646 0.172049 
0.118225 -0.0503449 0.0201182 
-0.0503449 0.235151 -0.148897 
0.0201182 -0.148897 0.136263 
0.0975656 -0.0137509 0.00330621 
-0.0137509 0.290287 -0.143197 
0.00330621 -0.143197 0.110097 
0.0931242 0.0218266 -0.0135634 
0.0218266 0.398069 -0.162229 
-0.0135634 -0.162229 0.102123 
0.101942 0.0510965 -0.0278603 
0.0510965 0.529934 -0.197475 
-0.0278603 -0.197475 0.109488 
0.115843 0.0722939 -0.0384662 
0.0722939 0.651461 -0.234807 
-0.0384662 -0.234807 0.123213 
0.128781 0.0864016 -0.0456485 
0.0864016 0.745106 -0.265442 
-0.0456485 -0.265442 0.136462 
0.138516 0.0953065 -0.0502347 
0.0953065 0.809649 -0.287242 
-0.0502347 -0.287242 0.146577 
0.144973 0.100672 -0.053018 
0.100672 0.850584 -0.301304 
-0.053018 -0.301304 0.15333 
0.148643 0.103584 -0.0545342 
0.103584 0.873372 -0.309192 
-0.0545342 -0.309192 0.157178 
0.149762 0.1045 -0.0550116 
0.1045 0.880411 -0.311602 
-0.0550116 -0.311602 0.158338 
0.147889 0.103196 -0.0543332 
0.103196 0.86937 -0.30763 
-0.0543332 -0.30763 0.156298 
0.141639 0.0985851 -0.0519551 
0.0985851 0.831552 -0.294094 
-0.0519551 -0.294094 0.149424 
0.128953 0.0885555 -0.0468912 
0.0885555 0.751926 -0.265337 
-0.0468912 -0.265337 0.134853 
0.109468 0.0705539 -0.0382187 
0.0705539 0.618428 -0.216007 
-0.0382187 -0.216007 0.109906 
0.0900363 0.0441128 -0.0266513 
0.0441128 0.448645 -0.149892 
-0.0266513 -0.149892 0.0765902 
0.0854099 0.0140072 -0.0157117 
0.0140072 0.305394 -0.0866818 
-0.0157117 -0.0866818 0.0449728 
0.102476 -0.0119155 -0.00897589 
-0.0119155 0.242253 -0.0467709 
-0.00897589 -0.046771 0.0253388 
0.129827 -0.0294395 -0.00643897 
-0.0294395 0.24482 -0.0306931 
-0.00643897 -0.0306931 0.0177751 
0.153081 -0.0393992 -0.00598089 
-0.0393992 0.268408 -0.0268537 
-0.00598089 -0.0268537 0.016287 
0.166938 -0.044294 -0.00606717 
-0.044294 0.287129 -0.0265975 
-0.00606717 -0.0265975 0.0165047 
0.172178 -0.0460966 -0.00612011 
-0.0460966 0.294789 -0.0265084 
-0.00612011 -0.0265084 0.0167842 
0.17068 -0.0459224 -0.00599726 
-0.0459224 0.292103 -0.0256207 
-0.00599726 -0.0256207 0.0167564 
0.163541 -0.0442854 -0.00566447 
-0.0442854 0.280289 -0.0235931 
-0.00566447 -0.0235931 0.0164267 
0.151005 -0.0413928 -0.00508677 
-0.0413928 0.259741 -0.0200395 
-0.00508677 -0.0200395 0.0159136 
0.133099 -0.0374386 -0.00420899 
-0.0374386 0.230782 -0.0143242 
-0.00420899 -0.0143242 0.0154737 
0.1108 -0.0329729 -0.00297676 
-0.0329729 0.195618 -0.0055773 
-0.00297676 -0.00557731 0.0156391 
0.0875052 -0.0292474 -0.00139414 
-0.0292474 0.160702 0.00692384 
-0.00139414 0.00692383 0.0172813 
0.0691043 -0.027947 0.000402454 
-0.027947 0.13629 0.0227637 
0.000402454 0.0227637 0.0211928 
0.0602618 -0.0297298 0.00214438 
-0.0297298 0.129183 0.0393426 
0.00214438 0.0393426 0.0270266 
0.0596743 -0.0329855 0.00357882 
-0.0329855 0.134692 0.052629 
0.00357882 0.052629 0.0328402 
0.0616731 -0.0351608 0.00463372 
-0.0351608 0.141123 0.0599467 
0.00463372 0.0599467 0.0365554 
0.06208 -0.0350178 0.00541359 
-0.0350178 0.141111 0.0614976 
0.00541359 0.0614976 0.0375758 
0.0601279 -0.0328626 0.00608179 
-0.0328626 0.134342 0.0591605 
0.00608179 0.0591605 0.0365888 
0.0566951 -0.0295073 0.00677475 
-0.0295073 0.123435 0.0548241 
0.00677475 0.0548241 0.0345582 
0.052752 -0.0256083 0.00757882 
-0.0256083 0.110813 0.0497464 
0.00757882 0.0497464 0.0321905 
0.0489218 -0.0215592 0.0085368 
-0.0215592 0.0979819 0.044624 
0.0085368 0.044624 0.0298897 
0.0455312 -0.0175752 0.00965959 
-0.0175752 0.0857502 0.0398124 
0.00965959 0.0398124 0.0278589 
0.0427277 -0.0137755 0.010936 
-0.0137755 0.0745319 0.0354849 
0.010936 0.0354849 0.0261879 
0.040556 -0.0102289 0.0123401 
-0.0102289 0.0645234 0.031716 
0.0123401 0.031716 0.0249033 
0.0389992 -0.00697367 0.0138374 
-0.00697367 0.055791 0.0285221 
0.0138374 0.0285221 0.023994 
0.0380027 -0.00402698 0.0153901 
-0.00402698 0.0483155 0.0258819 
0.0153901 0.0258819 0.0234261 
0.0374901 -0.00139011 0.0169608 
-0.00139011 0.0420203 0.0237497 
0.0169608 0.0237497 0.0231522 
0.0373759 0.000947352 0.0185157 
0.000947352 0.0367935 0.0220664 
0.0185157 0.0220664 0.0231198 
0.0375742 0.00300378 0.0200264 
0.00300378 0.0325058 0.0207671 
0.0200264 0.0207671 0.0232759 
0.0380051 0.00480234 0.0214708 
0.00480234 0.0290235 0.0197873 
0.0214708 0.0197873 0.0235716 
0.0385988 0.00636835 0.0228328 
0.00636835 0.0262187 0.019067 
0.0228328 0.019067 0.0239642 
0.0392969 0.00772745 0.0241023 
0.00772745 0.0239745 0.018553 
0.0241023 0.018553 0.0244178 
0.0400522 0.00890426 0.0252736 
0.00890426 0.0221883 0.0181996 
0.0252736 0.0181996 0.0249039 
0.0408285 0.00992162 0.0263451 
0.00992162 0.0207722 0.0179691 
0.0263451 0.0179691 0.0254004 
0.0415985 0.0108002 0.0273181 
0.0108002 0.0196531 0.0178306 
0.0273181 0.0178306 0.0258907 
0.0423428 0.0115582 0.0281958 
0.0115582 0.0187705 0.0177597 
0.0281958 0.0177597 0.0263632 
0.043048 0.0122117 0.0289828 
0.0122117 0.0180756 0.0177371 
0.0289828 0.0177371 0.0268098 
0.0437053 0.0127746 0.0296845 
0.0127746 0.0175291 0.0177481 
0.0296845 0.0177481 0.0272253 
0.0443096 0.0132586 0.0303065 
0.0132586 0.0170997 0.0177813 
0.0303065 0.0177813 0.0276067 
0.0448582 0.0136739 0.0308547 
0.0136739 0.0167626 0.017828 
0.0308547 0.017828 0.0279526 
0.0453504 0.014029 0.0313345 
0.014029 0.0164983 0.017882 
0.0313345 0.017882 0.0282627 
0.0457866 0.0143312 0.031751 
0.0143312 0.0162915 0.0179385 
0.031751 0.0179385 0.0285372 
0.0461677 0.0145864 0.0321089 
0.0145864 0.0161302 0.017994 
0.0321089 0.017994 0.028777 
0.0464955 0.0147996 0.0324124 
0.0147996 0.016005 0.018046 
0.0324124 0.018046 0.0289831 
