4  8
0.110221  0.0617494  0.145266  0.125606  0.120736  0.16408  0.177769  0.0945725  
6.01212  -1.05855  -2.7002  1.8194  
14.6225  -2.48591  -6.37059  4.30036  
27.0233  -2.42811  -6.72281  4.65318  
36.6566  -1.32899  -4.03104  6.16234  
50.6555  0.333905  2.5719  6.99232  
65.1085  -0.560971  5.5725  6.16062  
82.0787  -0.475392  3.34394  6.72202  
95.3187  -0.806874  2.04417  7.55773  
10.0532  -2.26756  -5.81451  3.89201  
-2.26756  0.528308  1.31338  -0.878476  
-5.81451  1.31338  3.4288  -2.22393  
3.89201  -0.878476  -2.22393  1.55026  
3.20195  -0.229341  -0.461221  0.469809  
-0.229341  0.0779463  0.0125897  -0.019926  
-0.461221  0.0125897  0.297688  0.116548  
0.469809  -0.019926  0.116548  0.245392  
34.6248  0.81753  1.84392  1.29712  
0.81753  0.114358  0.0905345  0.124125  
1.84392  0.0905345  0.149485  0.142906  
1.29712  0.124125  0.142906  0.173439  
56.4863  6.02136  7.69026  2.18777  
6.02136  0.833888  1.13319  0.340048  
7.69026  1.13319  2.30687  0.696658  
2.18777  0.340048  0.696658  0.226902  
23.9985  0.274442  6.6241  -0.448297  
0.274442  0.172908  0.119455  -0.00362644  
6.6241  0.119455  3.36058  -0.238399  
-0.448297  -0.00362644  -0.238399  0.058835  
32.6338  -1.32483  -0.718358  -0.48074  
-1.32483  0.1578  0.0572688  0.0448806  
-0.718358  0.0572688  0.233257  -0.0899172  
-0.48074  0.0448806  -0.0899172  0.076823  
36.0106  0.232411  -4.19774  2.69848  
0.232411  0.321631  0.206207  -0.135367  
-4.19774  0.206207  1.09876  -0.593925  
2.69848  -0.135367  -0.593925  0.378595  
12.0522  0.18085  -1.8754  0.239223  
0.18085  0.0517823  -0.0219948  0.0185312  
-1.8754  -0.0219948  0.582132  -0.0776886  
0.239223  0.0185312  -0.0776886  0.0188593  
