4  11
0.120466  0.0824694  0.072237  0.0814088  0.0714611  0.0907953  0.1523  0.078345  0.100052  0.0562254  0.0942404  
6.52531  -1.38362  -3.58553  2.38445  
16.7101  0.0428897  0.137999  0.0939791  
25.1845  0.176793  0.503159  0.348168  
31.767  0.943358  1.37698  0.815841  
40.4369  1.36247  3.8785  0.850343  
47.5059  -0.146835  3.22819  -0.270295  
60.1286  -0.460073  0.144872  -0.229823  
70.9646  0.561389  -0.812368  -0.170488  
80.4509  -0.347283  -0.815002  0.969754  
87.9846  -0.0635236  -1.14962  0.119895  
95.6489  0.114381  -0.0931963  -0.0906251  
12.0353  2.71872  6.70992  -4.63006  
2.71872  0.643905  1.52143  -1.04738  
6.70992  1.52143  3.84747  -2.53695  
-4.63006  -1.04738  -2.53695  1.85994  
5.94357  0.197161  0.649663  -0.174882  
0.197161  0.0163931  0.0238456  -0.0161397  
0.649663  0.0238456  0.086838  -0.0126547  
-0.174882  -0.0161397  -0.0126547  0.0291539  
10.4623  -0.103378  -0.188392  0.601481  
-0.103378  0.00877877  0.0120356  0.00473502  
-0.188392  0.0120356  0.0367313  0.0125824  
0.601481  0.00473502  0.0125824  0.0598447  
14.4209  0.775749  1.14576  0.637195  
0.775749  0.149536  0.251245  0.049974  
1.14576  0.251245  0.496062  0.0733878  
0.637195  0.049974  0.0733878  0.0859716  
14.7947  -0.951047  1.45169  0.737034  
-0.951047  0.0979211  -0.0838076  0.00257044  
1.45169  -0.0838076  0.883528  0.131614  
0.737034  0.00257044  0.131614  0.190239  
20.7085  -1.66569  -2.8236  -1.70267  
-1.66569  0.406962  0.743213  0.183756  
-2.8236  0.743213  1.85545  0.326103  
-1.70267  0.183756  0.326103  0.219534  
32.7833  0.203312  -5.49986  2.36271  
0.203312  0.0482661  -0.0427635  0.00758567  
-5.49986  -0.0427635  1.42641  -0.507506  
2.36271  0.00758567  -0.507506  0.41849  
13.3149  1.76505  1.75522  -1.01185  
1.76505  0.992031  0.185052  -0.290876  
1.75522  0.185052  0.470435  -0.078678  
-1.01185  -0.290876  -0.078678  0.345464  
14.3138  -1.45221  0.440168  0.626521  
-1.45221  1.25725  -0.421185  -0.237292  
0.440168  -0.421185  0.990886  -0.152568  
0.626521  -0.237292  -0.152568  0.487563  
6.25483  -0.279705  0.39928  -0.23759  
-0.279705  0.194465  0.321011  -0.0844568  
0.39928  0.321011  0.881502  -0.209964  
-0.23759  -0.0844568  -0.209964  0.0747974  
8.58086  -0.0033991  0.49461  -0.0425332  
-0.0033991  0.0168096  -0.0123154  -0.00483135  
0.49461  -0.0123154  0.101721  -0.00384656  
-0.0425332  -0.00483135  -0.00384656  0.00500925  
