4  11
0.0958476  0.0727626  0.0963144  0.0874927  0.109378  0.0620399  0.0954947  0.0975304  0.11531  0.0908609  0.0769689  
6.11687  -0.353283  1.03194  4.28816  
16.3987  -0.00304727  0.00482732  0.00418433  
25.7487  0.448346  0.277183  0.0533806  
36.625  0.362775  1.58691  -1.46134  
47.975  -0.559873  0.826131  0.0696868  
58.2736  0.501326  -1.37952  0.385094  
67.5461  -0.239462  -3.29563  0.844814  
78.62  -1.13023  -1.88158  -0.62465  
91.0803  -0.151682  -0.54021  -0.474318  
103.037  -0.0196121  -0.259779  -0.207379  
112.913  0.0298664  -0.164462  -0.171307  
10.508  0.567284  -1.57276  -6.83646  
0.567284  0.174785  0.153395  -0.390575  
-1.57276  0.153395  0.741306  0.992103  
-6.83646  -0.390575  0.992103  4.47734  
9.37397  0.14859  -0.176092  -0.992906  
0.14859  0.00423882  -0.00185364  -0.0185978  
-0.176092  -0.00185364  0.015376  0.0320126  
-0.992906  -0.0185978  0.0320126  0.146712  
16.6262  1.80259  0.818186  0.0211425  
1.80259  0.748126  0.1146  -0.186168  
0.818186  0.1146  0.590707  0.0985715  
0.0211425  -0.186168  0.0985715  0.185296  
13.9985  -3.45709  -0.457379  0.906961  
-3.45709  2.31915  0.735461  -0.565261  
-0.457379  0.735461  1.25959  -0.355482  
0.906961  -0.565261  -0.355482  0.54884  
16.7592  -0.337395  -1.70958  0.342373  
-0.337395  0.141791  0.00178322  -0.0251862  
-1.70958  0.00178322  0.353921  -0.0370988  
0.342373  -0.0251862  -0.0370988  0.163243  
6.12887  1.36386  -2.83464  -0.876913  
1.36386  0.771665  -1.03371  -0.365548  
-2.83464  -1.03371  2.28617  0.528556  
-0.876913  -0.365548  0.528556  0.32217  
15.419  -4.67819  -0.938957  0.0051309  
-4.67819  1.68706  0.240531  -0.0831236  
-0.938957  0.240531  0.42912  -0.199337  
0.0051309  -0.0831236  -0.199337  0.26355  
16.4063  1.57864  2.02368  -1.64246  
1.57864  0.181566  0.197269  -0.200757  
2.02368  0.197269  0.33428  -0.225812  
-1.64246  -0.200757  -0.225812  0.296469  
20.0957  0.646538  0.740996  0.471758  
0.646538  0.0392133  0.0338405  0.0199867  
0.740996  0.0338405  0.0585447  0.0368719  
0.471758  0.0199867  0.0368719  0.0468975  
12.683  0.0100106  -0.0819109  -0.0323004  
0.0100106  0.00747755  0.00180096  0.00327849  
-0.0819109  0.00180096  0.0246809  0.00627835  
-0.0323004  0.00327849  0.00627835  0.0103355  
7.28512  -0.0693025  -0.188019  -0.138591  
-0.0693025  0.00793925  0.0067955  0.00305927  
-0.188019  0.0067955  0.0217976  0.00326064  
-0.138591  0.00305927  0.00326064  0.0241162  
