4  11
0.102615  0.0514253  0.117208  0.103728  0.0999376  0.0767201  0.0898684  0.080343  0.118305  0.111882  0.047969  
5.39904  2.13346  0.0988251  4.64457  
12.6753  0.296875  0.500841  0.569635  
21.1179  -0.369387  1.70115  -0.705937  
31.1378  -2.25485  2.14774  -0.959396  
40.4944  -0.995778  -0.101198  -0.163339  
49.4855  0.0416542  -0.241114  -0.0975183  
57.4681  -0.208174  -0.174174  0.231141  
65.6744  -0.260863  -1.4304  0.718468  
74.3182  0.10591  -1.37108  0.563104  
86.1222  0.569308  -0.451748  0.434898  
91.2453  0.499274  0.20651  -0.056399  
8.07524  -2.45765  0.470395  -5.20062  
-2.45765  0.83095  -0.172919  1.57623  
0.470395  -0.172919  0.065696  -0.294835  
-5.20062  1.57623  -0.294835  3.38739  
2.30278  -0.347631  0.267722  -0.765633  
-0.347631  0.0684344  -0.0314395  0.122085  
0.267722  -0.0314395  0.0660426  -0.0983239  
-0.765633  0.122085  -0.0983239  0.272194  
14.1939  -0.903205  1.59131  -0.936431  
-0.903205  0.150801  -0.244765  0.113176  
1.59131  -0.244765  0.597488  -0.174855  
-0.936431  0.113176  -0.174855  0.127554  
17.7558  -1.07704  -2.46253  1.39947  
-1.07704  0.35744  0.0851355  -0.104854  
-2.46253  0.0851355  0.592332  -0.184763  
1.39947  -0.104854  -0.184763  0.149752  
12.4497  1.66635  -0.562041  0.748299  
1.66635  0.53188  -0.165671  0.132728  
-0.562041  -0.165671  0.0952874  -0.0531677  
0.748299  0.132728  -0.0531677  0.068158  
7.49692  0.385428  0.109342  -0.153054  
0.385428  0.042253  0.0111534  -0.00224793  
0.109342  0.0111534  0.0232262  0.00204454  
-0.153054  -0.00224793  0.00204454  0.0178997  
13.1456  -0.579025  -0.594496  0.225738  
-0.579025  0.0432168  0.0393751  -0.0250623  
-0.594496  0.0393751  0.154663  -0.00282937  
0.225738  -0.0250623  -0.00282937  0.0427382  
16.3865  0.100182  -0.506413  1.36956  
0.100182  0.0433691  -0.0488816  0.0305328  
-0.506413  -0.0488816  0.234185  -0.166356  
1.36956  0.0305328  -0.166356  0.476979  
22.4125  -1.11417  0.130633  -1.58744  
-1.11417  0.094873  -0.0631975  0.0437246  
0.130633  -0.0631975  0.293003  -0.0634613  
-1.58744  0.0437246  -0.0634613  0.301242  
21.6686  1.68008  2.2537  -0.313003  
1.68008  0.486049  0.445029  -0.0569087  
2.2537  0.445029  1.00734  -0.131566  
-0.313003  -0.0569087  -0.131566  0.138406  
7.45096  -0.648714  -0.222093  -0.093226  
-0.648714  0.0736541  0.0262086  0.00788212  
-0.222093  0.0262086  0.0133749  0.00227681  
-0.093226  0.00788212  0.00227681  0.00255817  
