4  6
0.140869  0.0878455  0.205785  0.140521  0.213743  0.211238  
5.81896  -3.54582  0.823987  -0.332138  
14.687  -8.43414  2.34734  -1.02484  
25.2626  -8.39855  3.7324  -1.83178  
38.4698  -5.86858  6.06406  1.49889  
51.809  -2.49484  4.93842  5.56315  
67.279  -1.80792  5.69674  5.44107  
9.58416  -7.56702  1.79594  -0.696427  
-7.56702  6.01003  -1.42359  0.551653  
1.79594  -1.42359  0.354781  -0.133899  
-0.696427  0.551653  -0.133899  0.0588038  
5.80056  -1.10843  0.880381  -0.17222  
-1.10843  0.294558  -0.176899  -0.00830381  
0.880381  -0.176899  0.211012  -0.0362785  
-0.17222  -0.00830381  -0.0362785  0.0838598  
23.4285  1.24157  3.47071  0.992148  
1.24157  0.14309  0.258965  0.065375  
3.47071  0.258965  0.74667  0.0581388  
0.992148  0.065375  0.0581388  0.255385  
12.0262  4.29726  1.11731  5.06036  
4.29726  2.06245  0.646109  2.13098  
1.11731  0.646109  0.380595  0.426109  
5.06036  2.13098  0.426109  2.77196  
28.1716  1.947  -1.64056  1.55329  
1.947  0.38671  -0.0142599  0.157918  
-1.64056  -0.0142599  0.797095  -0.470444  
1.55329  0.157918  -0.470444  0.356318  
25.4798  -0.664809  0.146651  -0.457984  
-0.664809  0.208725  -0.0368349  0.0996615  
0.146651  -0.0368349  0.423015  -0.352281  
-0.457984  0.0996615  -0.352281  0.321546  
