4  6
0.155466  0.14508  0.214514  0.132979  0.23648  0.115481  
6.35177  -4.89791  1.30772  -0.638138  
17.8528  0.494005  0.627402  -0.575301  
30.9498  1.69725  1.2371  2.39891  
44.3045  1.13335  -1.5334  1.28152  
58.0508  0.164759  0.577982  -0.260829  
70.694  -0.423056  -0.291643  0.0446191  
11.5005  9.32224  -1.46246  0.286331  
9.32224  7.63377  -1.19074  0.215114  
-1.46246  -1.19074  0.246322  -0.0715856  
0.286331  0.215114  -0.0715856  0.140385  
12.5139  0.268973  -0.394279  0.749073  
0.268973  0.539895  -0.0509623  -0.0405321  
-0.394279  -0.0509623  0.260526  0.116338  
0.749073  -0.0405321  0.116338  0.291497  
25.5902  6.95257  -1.32206  7.31466  
6.95257  2.97067  -0.077611  2.4855  
-1.32206  -0.077611  0.703384  -0.320701  
7.31466  2.4855  -0.320701  3.01219  
11.4812  -2.30975  0.643432  -2.48244  
-2.30975  1.79965  0.0117787  0.9218  
0.643432  0.0117787  0.581954  -0.110182  
-2.48244  0.9218  -0.110182  1.05632  
33.335  -0.128929  -0.743153  0.112556  
-0.128929  0.388321  0.236774  0.0125753  
-0.743153  0.236774  0.47854  -0.123155  
0.112556  0.0125753  -0.123155  0.230622  
9.51762  0.844878  -0.0325153  0.244451  
0.844878  1.11673  0.0102487  0.364223  
-0.0325153  0.0102487  0.126424  0.0162213  
0.244451  0.364223  0.0162213  0.237026  
