3,3,75
0.0772286 -0.00528166 -0.0169827 
-0.00528166 0.0603452 -0.0351719 
-0.0169827 -0.0351719 0.133246 
0.0772205 -0.00528111 -0.0169809 
-0.00528111 0.0603389 -0.0351683 
-0.0169809 -0.0351683 0.133232 
0.0772008 -0.00527976 -0.0169766 
-0.00527976 0.0603234 -0.0351592 
-0.0169766 -0.0351592 0.133198 
0.0771521 -0.00527643 -0.0169659 
-0.00527643 0.0602854 -0.035137 
-0.0169659 -0.035137 0.133114 
0.0770318 -0.00526821 -0.0169393 
-0.00526821 0.0601911 -0.0350816 
-0.0169393 -0.0350816 0.132906 
0.0767347 -0.00524795 -0.0168734 
-0.00524795 0.0599575 -0.0349429 
-0.0168734 -0.0349429 0.132387 
0.0760112 -0.0051988 -0.0167109 
-0.0051988 0.0593826 -0.0345919 
-0.0167109 -0.0345919 0.131101 
0.0743335 -0.00508614 -0.0163208 
-0.00508614 0.0580126 -0.0336941 
-0.0163208 -0.0336941 0.127971 
0.0709961 -0.0048705 -0.0154582 
-0.0048705 0.0550468 -0.0313636 
-0.0154582 -0.0313636 0.120785 
0.0674681 -0.00469925 -0.0139674 
-0.00469925 0.0503005 -0.0252522 
-0.0139674 -0.0252522 0.106764 
0.0782105 -0.00574949 -0.0131073 
-0.00574949 0.0497284 -0.00984416 
-0.0131073 -0.00984416 0.0895455 
0.142057 -0.0110641 -0.0174601 
-0.0110641 0.0726651 0.022101 
-0.0174601 0.022101 0.09223 
0.270057 -0.0214035 -0.0293894 
-0.0214035 0.127568 0.0659513 
-0.0293894 0.0659513 0.133177 
0.394434 -0.0313478 -0.0419648 
-0.0313478 0.18368 0.102304 
-0.0419648 0.102304 0.183983 
0.467 -0.0371146 -0.0494913 
-0.0371146 0.217017 0.122162 
-0.0494913 0.122162 0.216007 
0.496509 -0.0394186 -0.0525205 
-0.0394186 0.230675 0.130014 
-0.0525205 0.130014 0.229427 
0.502004 -0.0397386 -0.0529037 
-0.0397386 0.23326 0.131403 
-0.0529037 0.131403 0.23206 
0.493313 -0.0387253 -0.051445 
-0.0387253 0.229337 0.128931 
-0.051445 0.128931 0.22841 
0.472465 -0.0361401 -0.0476892 
-0.0361401 0.219988 0.122899 
-0.0476892 0.122899 0.219845 
0.43822 -0.0306783 -0.0394941 
-0.0306783 0.205068 0.112242 
-0.0394941 0.112242 0.207172 
0.393289 -0.0191567 -0.0214804 
-0.0191567 0.187063 0.0955795 
-0.0214804 0.0955795 0.195541 
0.358986 0.00466064 0.017315 
0.00466064 0.178736 0.0736149 
0.017315 0.0736149 0.203898 
0.386484 0.0485209 0.0911682 
0.0485209 0.208117 0.0524833 
0.0911682 0.0524833 0.269434 
0.517898 0.112004 0.2005 
0.112004 0.29583 0.041416 
0.2005 0.041416 0.414961 
0.712817 0.178245 0.316117 
0.178245 0.415858 0.0421818 
0.316117 0.0421818 0.598776 
0.883132 0.228096 0.403754 
0.228096 0.517839 0.0477914 
0.403755 0.0477914 0.750175 
0.989083 0.257103 0.454931 
0.257103 0.580557 0.0525145 
0.454931 0.0525145 0.842059 
1.04248 0.271296 0.480013 
0.271296 0.61201 0.0551562 
0.480013 0.0551562 0.887876 
1.06612 0.277503 0.49099 
0.277503 0.625911 0.0563745 
0.49099 0.0563745 0.908076 
1.07562 0.279983 0.495376 
0.279983 0.631489 0.0568715 
0.495376 0.0568715 0.916173 
1.07871 0.28079 0.496804 
0.28079 0.633308 0.0570346 
0.496805 0.0570346 0.918813 
1.07815 0.280642 0.496543 
0.280642 0.632974 0.0570044 
0.496543 0.0570044 0.918328 
1.07307 0.279317 0.4942 
0.279317 0.629988 0.0567352 
0.4942 0.0567352 0.913992 
1.05822 0.275433 0.487345 
0.275433 0.62125 0.0559462 
0.487346 0.0559462 0.901288 
1.02101 0.265601 0.470071 
0.265601 0.599234 0.0539494 
0.470071 0.0539494 0.869157 
0.939739 0.243599 0.431851 
0.243599 0.550544 0.0494811 
0.431851 0.0494811 0.797395 
0.79913 0.202996 0.363358 
0.202996 0.463379 0.0412382 
0.363358 0.0412382 0.665646 
0.643183 0.148755 0.2788 
0.148755 0.356086 0.0302353 
0.2788 0.0302353 0.491953 
0.593107 0.105436 0.227474 
0.105436 0.291768 0.0214673 
0.227474 0.0214673 0.35862 
0.702248 0.0919076 0.23859 
0.0919076 0.307489 0.0187575 
0.23859 0.0187575 0.325994 
0.876549 0.0988972 0.283014 
0.0988972 0.365573 0.0201992 
0.283014 0.0201992 0.359482 
1.01739 0.10971 0.323682 
0.10971 0.418476 0.0223797 
0.323682 0.0223797 0.401923 
1.09636 0.116838 0.347356 
0.116838 0.449402 0.0237461 
0.347356 0.0237461 0.428697 
1.11947 0.119111 0.35413 
0.119111 0.45876 0.0239931 
0.35413 0.0239932 0.436528 
1.09372 0.116856 0.345507 
0.116856 0.449023 0.023001 
0.345507 0.023001 0.426341 
1.01735 0.110272 0.320424 
0.110271 0.420166 0.0203046 
0.320424 0.0203046 0.397112 
0.882983 0.100025 0.275628 
0.100025 0.371471 0.0147219 
0.275628 0.0147219 0.346404 
0.692974 0.0897859 0.209891 
0.0897859 0.309287 0.00399932 
0.209891 0.00399933 0.27649 
0.486762 0.0892759 0.132525 
0.0892759 0.258476 -0.014728 
0.132525 -0.014728 0.204986 
0.341686 0.109724 0.0662628 
0.109724 0.255457 -0.0418244 
0.0662628 -0.0418244 0.163237 
0.300134 0.148098 0.0287899 
0.148098 0.305742 -0.0713431 
0.0287899 -0.0713431 0.16465 
0.322466 0.186191 0.0155341 
0.186191 0.371077 -0.0947664 
0.0155341 -0.0947664 0.188032 
0.353514 0.211575 0.0127883 
0.211575 0.418537 -0.108881 
0.0127883 -0.108881 0.209203 
0.372949 0.224663 0.0126631 
0.224663 0.443836 -0.115841 
0.0126631 -0.115841 0.221303 
0.382087 0.230403 0.0128394 
0.230403 0.455082 -0.118837 
0.0128394 -0.118837 0.226822 
0.385778 0.232662 0.0129446 
0.232662 0.459531 -0.120007 
0.0129446 -0.120007 0.229027 
0.387109 0.233469 0.0129869 
0.233469 0.461122 -0.120424 
0.0129869 -0.120424 0.229819 
0.387462 0.233683 0.0129985 
0.233683 0.461544 -0.120534 
0.0129985 -0.120534 0.230028 
0.387216 0.233534 0.0129904 
0.233534 0.46125 -0.120457 
0.0129904 -0.120457 0.229882 
0.385972 0.23278 0.0129502 
0.23278 0.459762 -0.120069 
0.0129502 -0.120069 0.229142 
0.382143 0.230441 0.012837 
0.230441 0.455146 -0.118861 
0.012837 -0.118861 0.226849 
0.37194 0.224041 0.0126175 
0.224041 0.442547 -0.11555 
0.0126175 -0.11555 0.220637 
0.349121 0.208657 0.0126628 
0.208657 0.412427 -0.107552 
0.0126628 -0.107552 0.206068 
0.311707 0.177817 0.0155455 
0.177817 0.352865 -0.0913243 
0.0155455 -0.0913243 0.17864 
0.282962 0.130468 0.0295878 
0.130468 0.264243 -0.0657386 
0.0295878 -0.0657386 0.142658 
0.316659 0.0795463 0.0663407 
0.0795463 0.175293 -0.0367131 
0.0663407 -0.0367131 0.11776 
0.434578 0.0426113 0.124324 
0.0426113 0.119974 -0.0134758 
0.124324 -0.0134758 0.119664 
0.588266 0.0236593 0.185302 
0.0236593 0.100758 0.000624963 
0.185302 0.000624963 0.14054 
0.722455 0.0160446 0.234077 
0.0160446 0.100166 0.00798305 
0.234077 0.00798305 0.164398 
0.818463 0.0134264 0.267559 
0.0134264 0.10487 0.0116782 
0.267559 0.0116782 0.183251 
0.881146 0.012637 0.288959 
0.012637 0.109608 0.0135805 
0.288959 0.0135805 0.19614 
0.9205 0.0124507 0.30224 
0.0124507 0.113143 0.0146034 
0.30224 0.0146034 0.204427 
0.944593 0.0124427 0.310318 
0.0124427 0.1155 0.0151708 
0.310318 0.0151708 0.209567 
0.958627 0.012473 0.315005 
0.012473 0.116936 0.0154819 
0.315005 0.0154819 0.212583 
0.965582 0.0124972 0.317324 
0.0124972 0.117664 0.0156309 
0.317324 0.0156309 0.214084 
