3,3,75
0.0356013 -0.00563299 0.00179966 
-0.00563299 0.018246 -0.00339828 
0.00179966 -0.00339828 0.00819823 
0.0356006 -0.00563288 0.00179963 
-0.00563288 0.0182456 -0.00339822 
0.00179963 -0.00339822 0.00819807 
0.0355989 -0.00563261 0.00179954 
-0.00563261 0.0182448 -0.00339805 
0.00179954 -0.00339805 0.00819767 
0.0355934 -0.00563174 0.00179926 
-0.00563174 0.018242 -0.00339753 
0.00179926 -0.00339753 0.00819641 
0.0355732 -0.00562854 0.00179824 
-0.00562854 0.0182316 -0.0033956 
0.00179824 -0.0033956 0.00819176 
0.0354927 -0.00561579 0.00179411 
-0.00561579 0.0181904 -0.00338793 
0.00179411 -0.00338793 0.00817333 
0.0351737 -0.00556515 0.0017768 
-0.00556515 0.0180279 -0.00335758 
0.0017768 -0.00335758 0.00810154 
0.0340013 -0.00537748 0.0016983 
-0.00537748 0.0174426 -0.00324691 
0.0016983 -0.00324691 0.00785756 
0.0304965 -0.00479688 0.00127411 
-0.00479688 0.0158412 -0.00292639 
0.00127411 -0.00292639 0.00737994 
0.024861 -0.0036901 -0.00110494 
-0.0036901 0.0145914 -0.00250196 
-0.00110494 -0.00250196 0.00886142 
0.0283131 -0.00336755 -0.00945537 
-0.00336755 0.0230153 -0.00328724 
-0.00945537 -0.00328724 0.0209541 
0.0462566 -0.00483154 -0.02192 
-0.00483154 0.0426775 -0.00572641 
-0.02192 -0.00572641 0.0428361 
0.0611267 -0.00619764 -0.0301415 
-0.00619764 0.0574669 -0.0076927 
-0.0301415 -0.0076927 0.058322 
0.0663458 -0.00651624 -0.032752 
-0.00651624 0.062871 -0.00854365 
-0.032752 -0.00854365 0.063837 
0.0646325 -0.00578223 -0.0315785 
-0.00578223 0.0623495 -0.00886224 
-0.0315785 -0.00886224 0.063163 
0.0577306 -0.00343652 -0.0271428 
-0.00343652 0.0590238 -0.00956569 
-0.0271428 -0.00956569 0.0593276 
0.0472414 0.00255357 -0.0189008 
0.00255357 0.0586413 -0.0129503 
-0.0189008 -0.0129503 0.0575727 
0.0399965 0.0160234 -0.00744952 
0.0160234 0.0763635 -0.0241976 
-0.00744952 -0.0241976 0.0720553 
0.0462161 0.0376405 0.00319281 
0.0376405 0.125099 -0.0462193 
0.00319281 -0.0462193 0.115425 
0.0610793 0.0580218 0.00932612 
0.0580218 0.181282 -0.0689846 
0.00932612 -0.0689846 0.166465 
0.071488 0.0692652 0.0117519 
0.0692652 0.214788 -0.0820347 
0.0117519 -0.0820347 0.197112 
0.0756709 0.0734522 0.0125223 
0.0734522 0.227614 -0.0869628 
0.0125223 -0.0869628 0.208871 
0.0769056 0.0746603 0.0127326 
0.0746603 0.231346 -0.088391 
0.0127326 -0.088391 0.212296 
0.0771914 0.0749383 0.0127802 
0.0749383 0.232207 -0.0887199 
0.0127802 -0.0887199 0.213086 
0.0772022 0.0749488 0.0127821 
0.0749488 0.232239 -0.0887323 
0.0127821 -0.0887323 0.213115 
0.0770608 0.074811 0.0127591 
0.074811 0.231811 -0.0885686 
0.0127591 -0.0885686 0.212723 
0.0766431 0.0744013 0.0126937 
0.0744013 0.230534 -0.0880796 
0.0126937 -0.0880796 0.211557 
0.0755761 0.0733346 0.0125445 
0.0733346 0.227172 -0.0867879 
0.0125445 -0.0867879 0.208517 
0.0731906 0.0708172 0.0123289 
0.0708172 0.219 -0.0836185 
0.0123289 -0.0836185 0.201314 
0.0692325 0.0658283 0.0126936 
0.0658283 0.201427 -0.0766371 
0.0126936 -0.0766371 0.186872 
0.0678915 0.0592246 0.0171896 
0.0592246 0.171186 -0.0638468 
0.0171896 -0.0638468 0.166906 
0.0862536 0.0590565 0.0362423 
0.0590565 0.13748 -0.0467727 
0.0362423 -0.0467727 0.162397 
0.148507 0.079358 0.0822643 
0.079358 0.12637 -0.0331699 
0.0822643 -0.0331699 0.211133 
0.248339 0.120295 0.148607 
0.120295 0.149987 -0.0291423 
0.148607 -0.0291423 0.314997 
0.345526 0.1632 0.210473 
0.1632 0.188082 -0.0317077 
0.210473 -0.0317077 0.425472 
0.413053 0.193917 0.252644 
0.193917 0.219077 -0.0354408 
0.252644 -0.0354408 0.505013 
0.44973 0.210812 0.275337 
0.210812 0.23708 -0.0379911 
0.275337 -0.0379911 0.548868 
0.462988 0.216928 0.283472 
0.216928 0.243967 -0.039134 
0.283472 -0.039134 0.564758 
0.457847 0.214464 0.280182 
0.214464 0.242038 -0.0392166 
0.280182 -0.0392166 0.558351 
0.434552 0.203459 0.265463 
0.203459 0.232259 -0.0388277 
0.265463 -0.0388277 0.529753 
0.389829 0.182267 0.236777 
0.182267 0.215835 -0.0395507 
0.236777 -0.0395507 0.47474 
0.32199 0.149835 0.191675 
0.149835 0.199625 -0.0461339 
0.191675 -0.0461339 0.39074 
0.242508 0.111016 0.134347 
0.111016 0.205204 -0.0693422 
0.134347 -0.0693422 0.290734 
0.183489 0.0803167 0.0815302 
0.0803167 0.265483 -0.121979 
0.0815302 -0.121979 0.212841 
0.171837 0.070665 0.0514774 
0.070665 0.38489 -0.200171 
0.0514774 -0.200171 0.1905 
0.194496 0.0773255 0.04374 
0.0773255 0.515212 -0.276748 
0.04374 -0.276748 0.210467 
0.220996 0.0870635 0.0453397 
0.0870635 0.609294 -0.329519 
0.0453397 -0.329519 0.237597 
0.237765 0.093502 0.0478641 
0.093502 0.660543 -0.357686 
0.0478641 -0.357686 0.2553 
0.245679 0.0965847 0.0492976 
0.0965847 0.683403 -0.370143 
0.0492976 -0.370143 0.263741 
0.248475 0.0976789 0.0498345 
0.0976789 0.691316 -0.374442 
0.0498345 -0.374442 0.266735 
0.24852 0.0976935 0.0498414 
0.0976935 0.691458 -0.374523 
0.0498414 -0.374523 0.266785 
0.246639 0.0969453 0.0494675 
0.0969453 0.686216 -0.371693 
0.0494675 -0.371693 0.264774 
0.24259 0.0953259 0.0486679 
0.0953259 0.674922 -0.365607 
0.0486679 -0.365607 0.260454 
0.235333 0.0923853 0.0472528 
0.0923853 0.654643 -0.354722 
0.0472528 -0.354722 0.252753 
0.223175 0.0873348 0.044938 
0.0873348 0.620538 -0.336552 
0.044938 -0.336552 0.239971 
0.204216 0.0790941 0.0414949 
0.0790941 0.566986 -0.308426 
0.0414949 -0.308426 0.220404 
0.177786 0.0666084 0.0371495 
0.0666084 0.491313 -0.269781 
0.0371495 -0.269781 0.19412 
0.147085 0.049653 0.0332198 
0.049653 0.400914 -0.226279 
0.0332198 -0.226279 0.166033 
0.120803 0.0298224 0.0322781 
0.0298224 0.318109 -0.192046 
0.0322781 -0.192046 0.147286 
0.109001 0.0104355 0.0366325 
0.0104355 0.270243 -0.182603 
0.0366325 -0.182603 0.149314 
0.114536 -0.00535433 0.0459307 
-0.00535433 0.267336 -0.201109 
0.0459307 -0.201109 0.173161 
0.130883 -0.0163831 0.0571641 
-0.0163831 0.29503 -0.235618 
0.0571641 -0.235618 0.208104 
0.149145 -0.0233179 0.0672588 
-0.0233179 0.331457 -0.271123 
0.0672588 -0.271123 0.241773 
0.164118 -0.0274316 0.074819 
-0.0274316 0.362926 -0.299345 
0.074819 -0.299345 0.267812 
0.174601 -0.0298088 0.0798832 
-0.0298088 0.385473 -0.31882 
0.0798832 -0.31882 0.285542 
0.18133 -0.0311706 0.0830588 
-0.0311706 0.400111 -0.331227 
0.0830588 -0.331227 0.296759 
0.185446 -0.0319498 0.084977 
-0.0319498 0.409121 -0.338787 
0.084977 -0.338787 0.303567 
0.1879 -0.0323966 0.0861123 
-0.0323966 0.41451 -0.343284 
0.0861123 -0.343284 0.307607 
0.189344 -0.0326535 0.0867776 
-0.0326535 0.417687 -0.345926 
0.0867776 -0.345926 0.309979 
0.190188 -0.0328018 0.0871657 
-0.0328018 0.419546 -0.34747 
0.0871657 -0.34747 0.311363 
0.190681 -0.0328877 0.087392 
-0.0328877 0.420632 -0.34837 
0.087392 -0.34837 0.312171 
0.190969 -0.0329377 0.087524 
-0.0329377 0.421267 -0.348896 
0.087524 -0.348896 0.312642 
0.191137 -0.0329668 0.0876012 
-0.0329668 0.421638 -0.349204 
0.0876012 -0.349204 0.312918 
0.191236 -0.0329839 0.0876465 
-0.0329839 0.421856 -0.349384 
0.0876465 -0.349384 0.31308 
0.191294 -0.0329939 0.0876731 
-0.0329939 0.421984 -0.34949 
0.0876731 -0.34949 0.313175 
