3,3,150
0.15896 -0.0346111 0.00230722 
-0.0346111 0.0337257 -0.00545941 
0.00230722 -0.00545941 0.0197078 
0.158914 -0.0346012 0.00230657 
-0.0346012 0.0337161 -0.00545786 
0.00230657 -0.00545786 0.0197022 
0.15881 -0.0345786 0.00230506 
-0.0345786 0.033694 -0.00545429 
0.00230506 -0.00545429 0.0196893 
0.158564 -0.0345249 0.0023015 
-0.0345249 0.0336418 -0.00544586 
0.0023015 -0.00544586 0.0196588 
0.157966 -0.0343947 0.00229294 
-0.0343947 0.0335153 -0.00542552 
0.00229294 -0.00542552 0.0195852 
0.156483 -0.0340722 0.00227214 
-0.0340722 0.0332029 -0.00537582 
0.00227214 -0.00537582 0.0194048 
0.152766 -0.0332647 0.00222271 
-0.0332647 0.0324281 -0.00525583 
0.00222271 -0.00525583 0.0189651 
0.143577 -0.0312764 0.00211818 
-0.0312764 0.0305671 -0.00498916 
0.00211818 -0.00498916 0.017961 
0.122618 -0.0267874 0.00198819 
-0.0267874 0.0266548 -0.00456482 
0.00198819 -0.00456482 0.0161787 
0.0847172 -0.018902 0.0022969 
-0.018902 0.0212485 -0.00471984 
0.0022969 -0.00471984 0.0155032 
0.0433948 -0.0110502 0.00437747 
-0.0110502 0.0207049 -0.00784688 
0.00437747 -0.00784688 0.022937 
0.024256 -0.00867909 0.0083021 
-0.00867909 0.0295378 -0.0143175 
0.0083021 -0.0143175 0.0402518 
0.0229061 -0.00979066 0.0115711 
-0.00979066 0.0393412 -0.0198491 
0.0115711 -0.0198491 0.0554911 
0.024672 -0.0108508 0.0131777 
-0.0108508 0.0445664 -0.0225913 
0.0131777 -0.0225913 0.0631164 
0.0256194 -0.0113033 0.0137675 
-0.0113033 0.0465348 -0.0236007 
0.0137675 -0.0236007 0.0659325 
0.025896 -0.0114288 0.0139246 
-0.0114288 0.0470635 -0.0238694 
0.0139246 -0.0238694 0.0666839 
0.0258177 -0.0113938 0.0138831 
-0.0113938 0.0469243 -0.0237955 
0.0138831 -0.0237955 0.0664841 
0.025416 -0.0112129 0.0136665 
-0.0112129 0.0461984 -0.02341 
0.0136665 -0.02341 0.0654409 
0.0244758 -0.0107789 0.0131572 
-0.0107789 0.0445097 -0.022465 
0.0131572 -0.022465 0.0629734 
0.022576 -0.00984567 0.0121171 
-0.00984567 0.0411572 -0.0203234 
0.0121171 -0.0203234 0.0578505 
0.0195389 -0.00807761 0.0104004 
-0.00807761 0.0360897 -0.0157623 
0.0104004 -0.0157623 0.0489884 
0.0171687 -0.00549786 0.00882636 
-0.00549786 0.0334046 -0.00725961 
0.00882636 -0.00725961 0.0391517 
0.0201724 -0.00316571 0.00972738 
-0.00316571 0.0427344 0.00503974 
0.00972738 0.00503974 0.037984 
0.0295048 -0.00219653 0.0137524 
-0.00219653 0.0650801 0.0173969 
0.0137524 0.0173969 0.0496331 
0.039041 -0.00220242 0.0180598 
-0.00220242 0.0868596 0.02592 
0.0180598 0.02592 0.0639613 
0.0448871 -0.00239831 0.020738 
-0.00239831 0.100008 0.0303529 
0.020738 0.0303529 0.073213 
0.0476352 -0.00252341 0.0220034 
-0.00252341 0.106154 0.0323008 
0.0220034 0.0323008 0.0776425 
0.0487458 -0.00257896 0.0225157 
-0.00257896 0.108632 0.0330673 
0.0225157 0.0330673 0.0794447 
0.0490912 -0.00259675 0.0226752 
-0.00259675 0.109402 0.0333034 
0.0226752 0.0333034 0.0800065 
0.0489859 -0.00259095 0.0226264 
-0.00259095 0.109166 0.0332318 
0.0226264 0.0332318 0.079835 
0.0483408 -0.00255571 0.0223279 
-0.00255571 0.107721 0.0327912 
0.0223279 0.0327912 0.0787849 
0.0466239 -0.00245769 0.0215311 
-0.00245769 0.103848 0.0316071 
0.0215311 0.0316071 0.0759961 
0.0427223 -0.00220882 0.0197067 
-0.00220882 0.0948733 0.0288459 
0.0197067 0.0288459 0.0696922 
0.0354317 -0.00161143 0.0162286 
-0.00161143 0.077233 0.0233299 
0.0162286 0.0233299 0.0580831 
0.0261796 -0.000342618 0.0115479 
-0.000342618 0.0514872 0.0149555 
0.0115479 0.0149555 0.0440084 
0.0211654 0.00172755 0.00828884 
0.00172755 0.0284398 0.00669586 
0.00828884 0.00669586 0.0381611 
0.0236151 0.00400948 0.0081605 
0.00400948 0.0180361 0.00186725 
0.0081605 0.00186725 0.0452594 
0.0288406 0.0057117 0.00954047 
0.0057117 0.0166661 8.68888e-05 
0.00954047 8.68888e-05 0.0563241 
0.0327517 0.00667556 0.0107354 
0.00667556 0.017681 -0.000410782 
0.0107354 -0.000410782 0.064206 
0.0348598 0.00714314 0.0114065 
0.00714314 0.0185697 -0.000539249 
0.0114065 -0.000539249 0.0683875 
0.0358102 0.0073453 0.0117137 
0.00734531 0.0190273 -0.000573808 
0.0117137 -0.000573808 0.0702616 
0.036068 0.00739969 0.0117974 
0.0073997 0.0191549 -0.000581312 
0.0117974 -0.000581312 0.0707693 
0.035689 0.00732268 0.0116743 
0.00732268 0.0189533 -0.000571549 
0.0116743 -0.000571549 0.0700265 
0.0342229 0.00702531 0.0112023 
0.00702532 0.0181861 -0.000514455 
0.0112023 -0.000514455 0.0671528 
0.0306105 0.00630701 0.0100721 
0.00630702 0.0163473 -0.000229647 
0.0100721 -0.000229647 0.0600853 
0.0241519 0.00510451 0.00823497 
0.00510451 0.0133442 0.00109037 
0.00823497 0.00109037 0.0475226 
0.01818 0.00431128 0.00725219 
0.00431128 0.0116759 0.00547076 
0.00725219 0.00547076 0.0361925 
0.0188956 0.00528457 0.00934289 
0.00528457 0.014931 0.0136549 
0.00934289 0.0136549 0.0383373 
0.0244258 0.0072516 0.0130217 
0.0072516 0.0207633 0.0218202 
0.0130217 0.0218202 0.0499343 
0.0290454 0.00871575 0.0156927 
0.00871575 0.0250126 0.0268659 
0.0156927 0.0268659 0.0594614 
0.0314041 0.0094391 0.0170022 
0.0094391 0.027098 0.0292026 
0.0170022 0.0292026 0.064304 
0.0322658 0.00970037 0.0174746 
0.00970037 0.0278496 0.0300282 
0.0174746 0.0300282 0.0660706 
0.0322199 0.0096859 0.017452 
0.0096859 0.0278086 0.0299874 
0.017452 0.0299874 0.0659769 
0.0313194 0.00940987 0.0169707 
0.00940987 0.0270175 0.0291393 
0.0169707 0.0291393 0.0641319 
0.0291321 0.00872587 0.0158172 
0.00872587 0.0250603 0.0270518 
0.0158172 0.0270518 0.0596476 
0.0250704 0.00738172 0.0137627 
0.00738172 0.0212321 0.0230304 
0.0137627 0.0230304 0.051305 
0.0201067 0.00541371 0.0116366 
0.00541371 0.0157011 0.0174788 
0.0116366 0.0174788 0.0410435 
0.0191565 0.00387451 0.0126037 
0.00387451 0.0115962 0.0141396 
0.0126037 0.0141396 0.038841 
0.025436 0.00387379 0.0182375 
0.00387379 0.0120676 0.0162861 
0.0182375 0.0162861 0.051313 
0.0334902 0.00469596 0.0244905 
0.00469596 0.0148289 0.020651 
0.0244905 0.020651 0.0674783 
0.0385352 0.00533249 0.0282636 
0.00533249 0.016877 0.0236231 
0.0282636 0.0236231 0.0776288 
0.0407976 0.00563562 0.0299347 
0.00563562 0.0178418 0.0249906 
0.0299347 0.0249906 0.0821844 
0.041661 0.00575365 0.0305697 
0.00575365 0.0182162 0.025517 
0.0305697 0.0255171 0.0839234 
0.0419551 0.00579412 0.0307857 
0.00579412 0.0183444 0.0256969 
0.0307857 0.0256969 0.0845158 
0.0420097 0.00580164 0.0308257 
0.00580164 0.0183682 0.0257303 
0.0308257 0.0257303 0.0846257 
0.041857 0.00578057 0.0307136 
0.00578057 0.0183016 0.0256366 
0.0307136 0.0256366 0.0843182 
0.0412052 0.00569071 0.030234 
0.00569071 0.018019 0.0252351 
0.030234 0.0252351 0.0830056 
0.0390961 0.00540122 0.0286716 
0.00540122 0.0171238 0.0239174 
0.0286716 0.0239174 0.0787613 
0.0335695 0.0046538 0.0244856 
0.0046538 0.0149459 0.0203041 
0.0244856 0.0203041 0.0676674 
0.0239073 0.00341173 0.0166332 
0.00341173 0.0121128 0.0130536 
0.0166332 0.0130536 0.0484311 
0.0163213 0.00264691 0.00872984 
0.00264691 0.0130605 0.00432364 
0.00872984 0.00432364 0.033847 
0.0164492 0.00307062 0.00546845 
0.00307062 0.0192393 -0.00146116 
0.00546845 -0.00146116 0.0351058 
0.019697 0.00382958 0.00528584 
0.00382958 0.0253412 -0.00395533 
0.00528584 -0.00395533 0.0424136 
0.0220162 0.00431137 0.00565066 
0.00431137 0.0287937 -0.00487045 
0.00565067 -0.00487045 0.0474836 
0.023017 0.00451215 0.00585802 
0.00451215 0.0301881 -0.0051757 
0.00585803 -0.0051757 0.0496539 
0.0230464 0.00451435 0.00584953 
0.00451435 0.0302334 -0.00519806 
0.00584953 -0.00519806 0.0497084 
0.0221054 0.00430707 0.00557682 
0.00430707 0.0289504 -0.00498497 
0.00557682 -0.00498497 0.0476213 
0.0198041 0.00374064 0.00483375 
0.00374064 0.0256714 -0.00444452 
0.00483375 -0.00444452 0.0423685 
0.0162746 0.00251824 0.00320959 
0.00251824 0.0198452 -0.00354771 
0.00320959 -0.00354771 0.0334279 
0.0150199 0.000484756 0.000438308 
0.000484756 0.0141739 -0.00292707 
0.000438308 -0.00292707 0.0262515 
0.0208189 -0.00172614 -0.00268291 
-0.00172614 0.0142468 -0.00360453 
-0.00268291 -0.00360453 0.0303903 
0.0291595 -0.00318422 -0.00480955 
-0.00318422 0.0182286 -0.0049039 
-0.00480955 -0.0049039 0.0406487 
0.034085 -0.00382855 -0.00576805 
-0.00382855 0.021068 -0.00571215 
-0.00576805 -0.00571215 0.0472487 
0.0359806 -0.0040522 -0.00610354 
-0.0040522 0.0222155 -0.00602781 
-0.00610354 -0.00602781 0.0498496 
0.036571 -0.00411959 -0.00620493 
-0.00411959 0.0225779 -0.00612653 
-0.00620493 -0.00612653 0.0506652 
0.0367228 -0.00413676 -0.00623078 
-0.00413676 0.0226715 -0.00615196 
-0.00623078 -0.00615196 0.0508755 
0.0367165 -0.00413605 -0.00622972 
-0.00413605 0.0226677 -0.00615089 
-0.00622972 -0.00615089 0.0508667 
0.0365664 -0.00411917 -0.00620432 
-0.00411917 0.0225754 -0.00612573 
-0.00620432 -0.00612573 0.0506592 
0.036072 -0.0040638 -0.00612111 
-0.0040638 0.0222743 -0.00604268 
-0.00612111 -0.00604268 0.0499785 
0.0346411 -0.00390547 -0.0058844 
-0.00390547 0.0214282 -0.00580094 
-0.0058844 -0.00580094 0.0480348 
0.0310248 -0.00352015 -0.00531771 
-0.00352015 0.0194831 -0.00517953 
-0.00531771 -0.00517953 0.0433234 
0.0240905 -0.0028684 -0.00441623 
-0.0028684 0.0168891 -0.00392631 
-0.00441623 -0.00392631 0.0354679 
0.0165958 -0.0024993 -0.00415478 
-0.0024993 0.0184573 -0.00233451 
-0.00415478 -0.00233451 0.0315162 
0.0147236 -0.0032011 -0.00577749 
-0.0032011 0.0292013 -0.00137501 
-0.00577749 -0.00137501 0.0412759 
0.0176762 -0.00444685 -0.00821978 
-0.00444685 0.0429299 -0.00122345 
-0.00821978 -0.00122345 0.0577259 
0.0207143 -0.00535934 -0.00994762 
-0.00535934 0.0522407 -0.00132887 
-0.00994762 -0.00132887 0.0696535 
0.0223928 -0.00582094 -0.0108119 
-0.00582093 0.056831 -0.00141721 
-0.0108119 -0.00141721 0.0756685 
0.0230638 -0.00599985 -0.011146 
-0.00599984 0.0585964 -0.00145655 
-0.011146 -0.00145655 0.0780011 
0.023095 -0.00600668 -0.0111611 
-0.00600668 0.0586766 -0.00145956 
-0.0111611 -0.00145956 0.0781097 
0.0225272 -0.00584872 -0.0108776 
-0.00584872 0.0571843 -0.00143163 
-0.0108776 -0.00143163 0.0761474 
0.02108 -0.00542153 -0.0101324 
-0.00542153 0.0532544 -0.00137935 
-0.0101324 -0.00137934 0.0710368 
0.0183783 -0.00447972 -0.00861092 
-0.00447972 0.0451976 -0.00139302 
-0.00861092 -0.00139302 0.0608814 
0.015266 -0.00271329 -0.00624309 
-0.00271328 0.0325179 -0.0019344 
-0.00624309 -0.0019344 0.0462822 
0.0158291 -0.000221548 -0.00413411 
-0.000221547 0.0207928 -0.00400469 
-0.00413411 -0.00400469 0.0369588 
0.0226517 0.00210321 -0.00373155 
0.00210321 0.0176858 -0.00759738 
-0.00373155 -0.00759738 0.0425881 
0.0304923 0.00352821 -0.00439408 
0.00352821 0.0203317 -0.0107647 
-0.00439408 -0.0107647 0.0543628 
0.0351083 0.00417331 -0.00495909 
0.00417331 0.0228561 -0.0124798 
-0.00495909 -0.0124798 0.06212 
0.0370542 0.00441862 -0.00522132 
0.00441862 0.0240531 -0.0131823 
-0.00522132 -0.0131823 0.0655035 
0.0377499 0.00450315 -0.00531795 
0.00450315 0.024497 -0.0134311 
-0.00531795 -0.0134311 0.0667268 
0.037973 0.00452991 -0.00534924 
0.00452991 0.024641 -0.0135106 
-0.00534924 -0.0135106 0.0671205 
0.0380207 0.00453561 -0.00535594 
0.00453561 0.0246718 -0.0135275 
-0.00535594 -0.0135275 0.0672047 
0.037953 0.00452753 -0.00534646 
0.00452753 0.024628 -0.0135035 
-0.00534646 -0.0135035 0.0670852 
0.0376439 0.00449046 -0.00530362 
0.00449046 0.0244275 -0.0133934 
-0.00530362 -0.0133934 0.0665394 
0.0366153 0.00436561 -0.00516682 
0.00436561 0.0237614 -0.013027 
-0.00516682 -0.013027 0.0647292 
0.0336662 0.00399323 -0.00482881 
0.00399323 0.0218607 -0.0119732 
-0.00482881 -0.0119732 0.0595922 
0.0271311 0.00306621 -0.00446313 
0.00306621 0.017713 -0.00961592 
-0.00446313 -0.00961592 0.0485838 
0.01851 0.00138349 -0.00571153 
0.00138349 0.0125318 -0.00640589 
-0.00571153 -0.00640589 0.0357553 
0.014673 -0.000550655 -0.0107283 
-0.000550657 0.0109739 -0.00471865 
-0.0107283 -0.00471865 0.0344109 
0.0168193 -0.00194527 -0.0172439 
-0.00194527 0.0134087 -0.00512226 
-0.0172439 -0.00512226 0.0442844 
0.0199062 -0.0026751 -0.0218119 
-0.0026751 0.0161049 -0.00598104 
-0.0218119 -0.00598104 0.0537852 
0.0217544 -0.00299759 -0.0241153 
-0.00299759 0.0176468 -0.00652016 
-0.0241153 -0.00652016 0.0590517 
0.0224979 -0.00311444 -0.0249903 
-0.00311444 0.0182581 -0.00673973 
-0.0249903 -0.00673973 0.0611219 
0.0224449 -0.0031095 -0.024925 
-0.00310951 0.0182124 -0.00672269 
-0.024925 -0.00672269 0.0609817 
0.0215393 -0.00298155 -0.0238329 
-0.00298155 0.0174552 -0.00644884 
-0.0238329 -0.00644884 0.0584871 
0.0193689 -0.00266501 -0.0209764 
-0.00266502 0.0155798 -0.00578649 
-0.0209764 -0.00578649 0.052407 
0.0159106 -0.00211218 -0.0150734 
-0.00211219 0.0122455 -0.00469403 
-0.0150734 -0.00469403 0.0421627 
0.014062 -0.00160328 -0.00594094 
-0.00160328 0.00893248 -0.00394584 
-0.00594094 -0.00394584 0.0342285 
0.018513 -0.00172488 0.00298781 
-0.00172488 0.0089918 -0.00489786 
0.00298781 -0.00489786 0.040618 
0.0260843 -0.00228609 0.00824954 
-0.00228609 0.0116347 -0.00678995 
0.00824954 -0.00678995 0.0555683 
0.0309709 -0.00269213 0.0104181 
-0.00269213 0.0136548 -0.00804487 
0.0104181 -0.00804487 0.0657223 
0.0329811 -0.00286441 0.0111629 
-0.00286441 0.0145234 -0.00856513 
0.0111629 -0.00856513 0.0699598 
0.0336468 -0.002922 0.0113946 
-0.002922 0.014815 -0.00873785 
0.0113946 -0.00873785 0.0713694 
0.0338376 -0.00293855 0.0114597 
-0.00293855 0.0148988 -0.00878737 
0.0114597 -0.00878737 0.0717737 
0.0338643 -0.00294087 0.0114688 
-0.00294087 0.0149106 -0.00879433 
0.0114688 -0.00879433 0.0718305 
0.0337796 -0.00293355 0.0114401 
-0.00293355 0.0148734 -0.00877233 
0.0114401 -0.00877233 0.0716508 
0.0334516 -0.00290552 0.011328 
-0.00290552 0.0147297 -0.00868735 
0.011328 -0.00868735 0.0709561 
0.0324246 -0.00282102 0.0109702 
-0.00282102 0.0142854 -0.00842263 
0.0109702 -0.00842263 0.0687879 
0.0296288 -0.00261944 0.00993553 
-0.00261944 0.0131234 -0.00771404 
0.00993553 -0.00771404 0.0629471 
0.0237964 -0.00238786 0.0073743 
-0.00238786 0.0110157 -0.00631588 
0.0073743 -0.00631588 0.0511725 
0.0168546 -0.00293739 0.00256727 
-0.00293739 0.00988887 -0.00500136 
0.00256727 -0.00500136 0.0389489 
0.0150266 -0.00527883 -0.00338056 
-0.00527883 0.0132706 -0.00558584 
-0.00338056 -0.00558584 0.0404973 
0.0184587 -0.00831556 -0.00805519 
-0.00831556 0.0193677 -0.00763739 
-0.00805519 -0.00763739 0.0537206 
0.0221443 -0.0104507 -0.0106755 
-0.0104507 0.0240299 -0.00936347 
-0.0106755 -0.00936347 0.0654772 
0.0243065 -0.0115622 -0.0119121 
-0.0115622 0.0265287 -0.0103163 
-0.0119121 -0.0103163 0.0720682 
0.0253571 -0.0120793 -0.0124638 
-0.0120793 0.0277043 -0.0107695 
-0.0124638 -0.0107695 0.0752206 
0.0258437 -0.0123146 -0.0127105 
-0.0123146 0.0282418 -0.0109777 
-0.0127105 -0.0109777 0.0766717 
0.0260706 -0.0124235 -0.0128237 
-0.0124235 0.0284911 -0.0110744 
-0.0128237 -0.0110744 0.0773466 
0.0261794 -0.0124755 -0.0128776 
-0.0124755 0.0286103 -0.0111207 
-0.0128776 -0.0111207 0.0776699 
0.0262336 -0.0125014 -0.0129044 
-0.0125014 0.0286696 -0.0111437 
-0.0129044 -0.0111437 0.0778307 
0.0262616 -0.0125148 -0.0129182 
-0.0125148 0.0287002 -0.0111557 
-0.0129182 -0.0111557 0.0779139 
