4  13
0.0695277  0.0791676  0.086702  0.07667  0.0703204  0.0872135  0.0610383  0.0881663  0.0706334  0.0910433  0.0642354  0.0887215  0.0665605  
5.72912  -3.48022  1.66208  -0.339895  
16.8989  -8.57291  3.75304  -1.84532  
29.3273  -8.60516  3.83092  -1.4269  
41.5396  -8.52205  3.65397  -1.80046  
52.5837  -8.65505  3.65136  -1.3134  
64.3929  -8.59836  3.60235  -1.80117  
75.5113  -8.60783  3.88995  -1.1714  
86.6901  -8.56167  3.70916  -1.70209  
98.631  -8.64368  3.65198  -1.14202  
110.756  -8.53439  3.57697  -1.6512  
122.361  -8.5759  3.76804  -1.14785  
133.889  -8.5081  3.62643  -1.71495  
145.453  -8.57667  3.75389  -1.22728  
9.13597  -7.57283  3.53194  -0.854438  
-7.57283  6.43615  -2.96226  0.710554  
3.53194  -2.96226  1.39917  -0.335784  
-0.854438  0.710554  -0.335784  0.0996234  
12.3462  -1.27173  0.156271  -1.11107  
-1.27173  0.157223  -0.0276718  0.12855  
0.156271  -0.0276718  0.0496433  -0.0382389  
-1.11107  0.12855  -0.0382389  0.167527  
15.3422  -0.512998  0.603491  0.732219  
-0.512998  0.0666745  -0.0227984  -0.00160937  
0.603491  -0.0227984  0.134099  0.0623978  
0.732219  -0.00160937  0.0623978  0.115653  
12.3007  -0.402499  -0.643264  -0.0905248  
-0.402499  0.0499551  0.0285957  0.0149936  
-0.643264  0.0285957  0.0531722  0.00413948  
-0.0905248  0.0149936  0.00413948  0.072842  
10.3332  -0.907207  0.825  0.416429  
-0.907207  0.113119  -0.0623682  -0.0184332  
0.825  -0.0623682  0.0947594  0.0644019  
0.416429  -0.0184332  0.0644019  0.0853188  
15.2275  -0.0836031  -0.495049  -0.263174  
-0.0836031  0.0425797  0.00853491  0.0323521  
-0.495049  0.00853491  0.0345108  0.0343541  
-0.263174  0.0323521  0.0343541  0.0893977  
7.68064  -0.794034  0.632541  0.259322  
-0.794034  0.106816  -0.0605424  -0.0205269  
0.632541  -0.0605424  0.0845522  0.0157727  
0.259322  -0.0205269  0.0157727  0.062107  
15.1517  -0.179964  -0.924542  -0.505032  
-0.179964  0.0389369  0.00683586  -0.00024525  
-0.924542  0.00683586  0.0791334  0.0246518  
-0.505032  -0.00024525  0.0246518  0.067815  
9.7098  -0.942078  0.623724  0.473588  
-0.942078  0.115475  -0.0667797  -0.0575852  
0.623724  -0.0667797  0.101241  0.0289029  
0.473588  -0.0575852  0.0289029  0.104526  
16.2679  0.149292  -0.621665  -0.370484  
0.149292  0.0394504  -0.00116236  -0.00876431  
-0.621665  -0.00116236  0.048467  0.000608993  
-0.370484  -0.00876431  0.000608993  0.0757475  
8.26567  -0.822289  0.561466  0.184892  
-0.822289  0.105715  -0.0591707  -0.044976  
0.561466  -0.0591707  0.0575487  0.00539675  
0.184892  -0.044976  0.00539675  0.0691172  
15.4437  -0.0651264  -0.538914  -0.428826  
-0.0651264  0.0341951  -0.000673129  0.0132962  
-0.538914  -0.000673129  0.033741  0.00615517  
-0.428826  0.0132962  0.00615517  0.0838569  
8.75359  -0.839307  0.459417  0.119054  
-0.839307  0.106774  -0.0565827  -0.0243522  
0.459417  -0.0565827  0.052854  -0.00492367  
0.119054  -0.0243522  -0.00492367  0.0796472  
