4  8
0.127544  0.095647  0.182377  0.0647653  0.133446  0.167761  0.140183  0.0882763  
5.61422  -0.314673  0.728713  2.90939  
14.7925  -0.724009  2.49465  7.10686  
26.1956  -1.27951  4.87059  6.00933  
33.6535  -1.50293  6.53249  5.28229  
43.5749  -0.819067  6.43177  5.21843  
55.6696  2.8226  3.30326  6.46152  
69.7557  3.1971  0.858225  7.28942  
73.399  3.72384  0.847721  7.14721  
8.72178  -0.674208  1.59168  5.95882  
-0.674208  0.062477  -0.133233  -0.461442  
1.59168  -0.133233  0.343815  1.09054  
5.95882  -0.461442  1.09054  4.0978  
7.07933  -0.168531  1.34298  0.687579  
-0.168531  0.0372108  -0.0571832  -0.0146982  
1.34298  -0.0571832  0.36699  0.127278  
0.687579  -0.0146982  0.127278  0.160906  
27.3662  -2.04232  5.60871  -3.2535  
-2.04232  0.189821  -0.416885  0.239751  
5.60871  -0.416885  1.21694  -0.698989  
-3.2535  0.239751  -0.698989  0.409654  
15.1528  -1.76874  1.79558  -0.853725  
-1.76874  0.304529  -0.185571  0.0920383  
1.79558  -0.185571  0.22517  -0.107998  
-0.853725  0.0920383  -0.107998  0.0549946  
11.2969  2.99561  -1.5809  0.538823  
2.99561  1.03436  -0.544392  0.184249  
-1.5809  -0.544392  0.327286  -0.109249  
0.538823  0.184249  -0.109249  0.0494065  
20.1295  3.07885  -4.25942  1.77597  
3.07885  0.791162  -0.726353  0.261416  
-4.25942  -0.726353  1.1225  -0.477028  
1.77597  0.261416  -0.477028  0.214995  
31.6979  -0.563214  -2.07318  0.267214  
-0.563214  0.0367335  0.0153083  -0.00974145  
-2.07318  0.0153083  0.162867  -0.0160178  
0.267214  -0.00974145  -0.0160178  0.00435718  
22.4126  -1.06033  -1.7328  0.414654  
-1.06033  0.276189  -0.0399574  -0.0957208  
-1.7328  -0.0399574  0.210503  0.00969264  
0.414654  -0.0957208  0.00969264  0.0335801  
