3,3,100
0.0297598 0.00569141 -0.00146973 
0.00569141 0.106551 0.0444024 
-0.00146985 0.0444021 0.0787196 
0.0297598 0.00569141 -0.00146973 
0.00569141 0.106551 0.0444024 
-0.00146985 0.0444021 0.0787196 
0.0297597 0.00569141 -0.00146973 
0.00569141 0.106551 0.0444023 
-0.00146985 0.0444021 0.0787196 
0.0297597 0.00569139 -0.00146973 
0.00569139 0.106551 0.0444022 
-0.00146985 0.044402 0.0787194 
0.0297591 0.00569129 -0.0014697 
0.00569129 0.106549 0.0444014 
-0.00146982 0.0444012 0.078718 
0.029756 0.00569069 -0.00146954 
0.00569069 0.106538 0.0443967 
-0.00146966 0.0443965 0.0787096 
0.0297388 0.00568739 -0.00146869 
0.00568739 0.106476 0.044371 
-0.00146881 0.0443708 0.078664 
0.0296527 0.00567094 -0.00146448 
0.00567094 0.106168 0.0442426 
-0.0014646 0.0442424 0.0784364 
0.0292632 0.00559647 -0.0014459 
0.00559647 0.104772 0.0436609 
-0.00144602 0.0436606 0.0774059 
0.0277157 0.005301 -0.00138095 
0.005301 0.0992087 0.0413424 
-0.00138106 0.0413422 0.0733102 
0.0228878 0.0043837 -0.0012866 
0.0043837 0.0816385 0.0340186 
-0.00128669 0.0340184 0.0605096 
0.0139757 0.00272122 -0.00185242 
0.00272122 0.0477436 0.01988 
-0.00185248 0.0198799 0.0367257 
0.00791211 0.00167881 -0.00436519 
0.00167881 0.0204816 0.00848096 
-0.00436521 0.00848093 0.0201001 
0.0076915 0.00176096 -0.00733631 
0.00176096 0.0138042 0.00565772 
-0.00733631 0.00565772 0.0188948 
0.00868151 0.00201759 -0.0089946 
0.00201759 0.014171 0.00578885 
-0.0089946 0.00578885 0.021178 
0.00916301 0.00213465 -0.00959373 
0.00213465 0.0147573 0.00602633 
-0.00959373 0.00602633 0.0223319 
0.00914909 0.00213657 -0.00958395 
0.00213657 0.0147166 0.00601455 
-0.00958395 0.00601455 0.0222983 
0.00862785 0.00204004 -0.00898411 
0.00204004 0.0139358 0.00572449 
-0.00898411 0.00572449 0.0210462 
0.00734154 0.0018775 -0.00732859 
0.0018775 0.0122092 0.00517756 
-0.00732859 0.00517756 0.0180134 
0.00531954 0.00205217 -0.00377171 
0.00205217 0.0105598 0.00523745 
-0.00377171 0.00523745 0.0135547 
0.00420277 0.00368945 0.00156599 
0.00368945 0.0134254 0.00848939 
0.00156599 0.00848939 0.0121378 
0.0051892 0.00655203 0.00610108 
0.00655203 0.0213195 0.0143085 
0.00610108 0.0143085 0.0160633 
0.00644963 0.0086776 0.00809019 
0.0086776 0.0273166 0.0177789 
0.00809019 0.0177789 0.0194215 
0.00723584 0.0100779 0.00832891 
0.0100779 0.030377 0.0181269 
0.00832891 0.0181269 0.0199726 
0.00825823 0.0121209 0.00781709 
0.0121209 0.0339319 0.0168284 
0.00781709 0.0168284 0.0190496 
0.0105909 0.0166199 0.00706708 
0.0166199 0.0422175 0.0148355 
0.00706708 0.0148355 0.0178916 
0.0156777 0.0260595 0.00645132 
0.0260595 0.060734 0.0128162 
0.00645132 0.0128162 0.0176216 
0.0250345 0.0430317 0.00639424 
0.0430317 0.0952699 0.0115542 
0.00639424 0.0115542 0.0195027 
0.03893 0.0679105 0.00720332 
0.0679105 0.146973 0.0117166 
0.00720332 0.0117166 0.0242731 
0.0549478 0.0963696 0.0087213 
0.0963696 0.206931 0.0132298 
0.0087213 0.0132298 0.0310719 
0.0685872 0.120468 0.0103104 
0.120468 0.258529 0.015159 
0.0103104 0.015159 0.0375414 
0.0757843 0.133022 0.0113124 
0.133022 0.287356 0.0164187 
0.0113124 0.0164187 0.0414085 
0.0746112 0.130467 0.0114956 
0.130467 0.288565 0.0165098 
0.0114956 0.0165098 0.0418894 
0.0654558 0.113013 0.0112446 
0.113013 0.269061 0.0158094 
0.0112446 0.0158094 0.0402328 
0.0511742 0.0848928 0.0115985 
0.0848928 0.248465 0.0156097 
0.0115985 0.0156097 0.039851 
0.0369496 0.0546084 0.0138167 
0.0546084 0.253362 0.017589 
0.0138167 0.017589 0.0450074 
0.027756 0.0315379 0.0181458 
0.0315379 0.296335 0.0222683 
0.0181458 0.0222683 0.0568583 
0.0249063 0.0201487 0.0230868 
0.0201487 0.360005 0.0280137 
0.0230868 0.0280137 0.0709049 
0.0264561 0.0192802 0.0266101 
0.0192802 0.414217 0.0324579 
0.0266101 0.0324579 0.0806714 
0.0305425 0.0266298 0.0277712 
0.0266299 0.443976 0.0345184 
0.0277712 0.0345184 0.0828622 
0.0371498 0.0419216 0.026928 
0.0419216 0.455637 0.0347319 
0.026928 0.0347319 0.0781608 
0.0477043 0.0668608 0.0251283 
0.0668608 0.467787 0.0345193 
0.0251283 0.0345193 0.0693879 
0.0638858 0.103412 0.0235685 
0.103412 0.501114 0.0354518 
0.0235685 0.0354518 0.0599315 
0.0862039 0.151367 0.0231894 
0.151367 0.56912 0.0386156 
0.0231894 0.0386156 0.0527315 
0.112728 0.206178 0.0242983 
0.206178 0.669465 0.0440078 
0.0242983 0.0440078 0.0493656 
0.138901 0.258797 0.0263881 
0.258797 0.781222 0.0503018 
0.0263881 0.0503018 0.0495336 
0.158971 0.298365 0.0283769 
0.298365 0.872656 0.0553054 
0.0283769 0.0553054 0.0515282 
0.168158 0.316034 0.0291333 
0.316034 0.915021 0.0568167 
0.0291333 0.0568167 0.0535084 
0.164123 0.307413 0.0279066 
0.307413 0.893032 0.0532339 
0.0279066 0.0532339 0.0547284 
0.14742 0.273204 0.0244882 
0.273204 0.808745 0.0437046 
0.0244882 0.0437046 0.0561942 
0.121522 0.219232 0.019222 
0.219232 0.68175 0.0281367 
0.019222 0.0281367 0.0606961 
0.0924366 0.156038 0.0129485 
0.156038 0.54605 0.00738293 
0.0129485 0.00738293 0.0719521 
0.0670326 0.0963921 0.00678766 
0.0963921 0.439027 -0.0165333 
0.00678766 -0.0165333 0.0924871 
0.0500297 0.0502417 0.00169967 
0.0502417 0.383412 -0.0406684 
0.00169967 -0.0406684 0.121211 
0.0419457 0.0206602 -0.00190405 
0.0206602 0.376596 -0.062115 
-0.00190405 -0.062115 0.153238 
0.0400676 0.00461745 -0.0041636 
0.00461745 0.398571 -0.0790683 
-0.0041636 -0.0790683 0.18273 
0.0410873 -0.00299176 -0.00546801 
-0.00299176 0.428562 -0.0911664 
-0.00546801 -0.0911665 0.20596 
0.0427772 -0.00627329 -0.0061829 
-0.00627329 0.454288 -0.0990358 
-0.0061829 -0.0990359 0.22202 
0.0441165 -0.00759785 -0.0065521 
-0.00759785 0.471324 -0.10359 
-0.0065521 -0.10359 0.231644 
0.0447736 -0.00807613 -0.00670977 
-0.00807613 0.478819 -0.105505 
-0.00670977 -0.105505 0.23576 
0.0446938 -0.00814928 -0.00672789 
-0.00814928 0.475977 -0.104931 
-0.00672789 -0.104931 0.234533 
0.044118 -0.00796515 -0.00669876 
-0.00796514 0.460278 -0.101362 
-0.00669876 -0.101362 0.22702 
0.0443563 -0.00760811 -0.00692699 
-0.0076081 0.427664 -0.0936944 
-0.00692699 -0.0936945 0.211634 
0.0496325 -0.0073147 -0.00831013 
-0.0073147 0.375542 -0.080717 
-0.00831013 -0.080717 0.188033 
0.0688615 -0.0076703 -0.012683 
-0.0076703 0.308465 -0.0621974 
-0.012683 -0.0621974 0.160205 
0.113047 -0.00949821 -0.0222603 
-0.00949821 0.241092 -0.0399637 
-0.0222603 -0.0399637 0.137352 
0.1859 -0.0132221 -0.0377213 
-0.0132221 0.190844 -0.0175546 
-0.0377213 -0.0175546 0.128482 
0.276902 -0.0183116 -0.0568312 
-0.0183116 0.165288 0.00171915 
-0.0568312 0.00171914 0.135024 
0.366936 -0.0235908 -0.0756299 
-0.0235908 0.159266 0.0162695 
-0.0756299 0.0162695 0.150604 
0.438937 -0.0279916 -0.0906054 
-0.0279916 0.162403 0.0260126 
-0.0906054 0.0260126 0.166764 
0.481811 -0.0309924 -0.0994504 
-0.0309924 0.16599 0.0312851 
-0.0994504 0.0312851 0.176924 
0.488974 -0.0329779 -0.100672 
-0.0329779 0.165653 0.031861 
-0.100672 0.031861 0.177029 
0.460876 -0.0365087 -0.09391 
-0.0365087 0.164437 0.0262173 
-0.09391 0.0262173 0.166692 
0.418793 -0.0489064 -0.0824803 
-0.0489064 0.180109 0.0112456 
-0.0824803 0.0112456 0.154188 
0.416546 -0.0821632 -0.075948 
-0.0821632 0.24668 -0.0161094 
-0.075948 -0.0161094 0.160188 
0.50507 -0.141865 -0.0844123 
-0.141865 0.384795 -0.054063 
-0.0844123 -0.054063 0.203114 
0.666214 -0.214428 -0.106383 
-0.214428 0.563074 -0.0936581 
-0.106383 -0.0936581 0.27372 
0.83001 -0.277817 -0.130599 
-0.277817 0.723227 -0.125423 
-0.130599 -0.125423 0.343295 
0.949258 -0.320958 -0.148776 
-0.320958 0.833708 -0.146087 
-0.148776 -0.146087 0.393307 
1.01581 -0.344314 -0.15905 
-0.344314 0.893933 -0.157041 
-0.15905 -0.157041 0.421066 
1.0316 -0.349779 -0.161501 
-0.349779 0.908444 -0.159701 
-0.161501 -0.159701 0.427655 
0.983373 -0.332596 -0.154088 
-0.332596 0.867607 -0.152642 
-0.154088 -0.152642 0.407652 
0.84021 -0.278555 -0.13259 
-0.278555 0.751097 -0.13277 
-0.13259 -0.13277 0.348171 
0.601107 -0.174717 -0.0989426 
-0.174717 0.580032 -0.105208 
-0.0989426 -0.105208 0.248498 
0.358151 -0.036349 -0.0702157 
-0.036349 0.463271 -0.0908662 
-0.0702157 -0.0908662 0.146426 
0.212947 0.0926509 -0.0607454 
0.0926509 0.473914 -0.101554 
-0.0607454 -0.101554 0.0843048 
0.159705 0.181406 -0.0641656 
0.181406 0.549832 -0.122717 
-0.0641656 -0.122717 0.0605268 
0.144346 0.225519 -0.0682336 
0.225519 0.603968 -0.136523 
-0.0682336 -0.136523 0.0532179 
0.130277 0.225915 -0.0653297 
0.225915 0.584526 -0.132535 
-0.0653297 -0.132535 0.0474726 
0.0996382 0.177525 -0.0508949 
0.177525 0.458285 -0.1034 
-0.0508949 -0.1034 0.0360935 
0.0550262 0.0921944 -0.0276933 
0.0921944 0.254755 -0.0549208 
-0.0276933 -0.0549208 0.0196791 
0.0237721 0.022853 -0.0104554 
0.022853 0.108399 -0.0172502 
-0.0104554 -0.0172502 0.00798108 
0.0155707 -0.00412051 -0.00513165 
-0.00412051 0.0687044 -0.00400733 
-0.00513165 -0.00400733 0.00465672 
0.0156785 -0.0104206 -0.00460205 
-0.0104206 0.068401 -0.00163901 
-0.00460205 -0.00163901 0.00450222 
0.0163653 -0.0117104 -0.00472852 
-0.0117104 0.0712932 -0.00139242 
-0.00472852 -0.00139242 0.00467466 
0.0166671 -0.0120098 -0.00480821 
-0.0120098 0.0725976 -0.00138624 
-0.00480821 -0.00138624 0.00475838 
0.016767 -0.0120891 -0.00483636 
-0.0120891 0.0730318 -0.00139172 
-0.00483636 -0.00139172 0.00478668 
0.0167968 -0.0121112 -0.00484489 
-0.0121112 0.0731614 -0.00139396 
-0.00484489 -0.00139396 0.00479515 
0.0168052 -0.0121173 -0.0048473 
-0.0121173 0.0731978 -0.00139464 
-0.0048473 -0.00139464 0.00479754 
0.0168074 -0.0121189 -0.00484796 
-0.0121189 0.0732077 -0.00139483 
-0.00484796 -0.00139483 0.00479819 
