3,3,95
0.0422623 -0.0158381 -0.00125682 
-0.0158381 0.0144756 0.00471709 
-0.00125682 0.00471709 0.0253877 
0.0422622 -0.0158381 -0.00125682 
-0.0158381 0.0144755 0.00471707 
-0.00125682 0.00471707 0.0253876 
0.042262 -0.015838 -0.00125681 
-0.015838 0.0144754 0.00471705 
-0.00125681 0.00471705 0.0253875 
0.0422613 -0.0158377 -0.00125679 
-0.0158377 0.0144752 0.00471696 
-0.00125679 0.00471696 0.0253871 
0.0422585 -0.0158367 -0.00125671 
-0.0158367 0.0144742 0.00471666 
-0.00125671 0.00471666 0.0253854 
0.0422449 -0.0158316 -0.0012563 
-0.0158316 0.0144696 0.00471514 
-0.0012563 0.00471514 0.0253773 
0.0421728 -0.0158045 -0.00125417 
-0.0158045 0.0144449 0.00470708 
-0.00125417 0.00470708 0.0253338 
0.0418006 -0.015665 -0.00124371 
-0.015665 0.0143177 0.00466546 
-0.00124371 0.00466546 0.0251084 
0.040138 -0.0150404 -0.00120967 
-0.0150404 0.0137539 0.00447845 
-0.00120967 0.00447845 0.0240638 
0.0352986 -0.0131963 -0.0013364 
-0.0131963 0.0121884 0.00391559 
-0.0013364 0.00391559 0.0203557 
0.0364541 -0.0133434 -0.00381743 
-0.0133434 0.0133952 0.00384712 
-0.00381744 0.00384712 0.0138239 
0.0727683 -0.0260625 -0.0124478 
-0.0260625 0.0283192 0.00729723 
-0.0124478 0.00729723 0.0133511 
0.118048 -0.0421639 -0.0212918 
-0.0421639 0.0463323 0.0117392 
-0.0212918 0.0117392 0.0183956 
0.140001 -0.0500685 -0.0253347 
-0.0500685 0.0551369 0.0138565 
-0.0253347 0.0138565 0.0214594 
0.144911 -0.0520777 -0.0261107 
-0.0520777 0.0575612 0.0141576 
-0.0261107 0.0141576 0.0221784 
0.139841 -0.0511426 -0.0247611 
-0.0511426 0.0572395 0.0130229 
-0.0247611 0.0130229 0.0214191 
0.125982 -0.0495852 -0.0205742 
-0.0495852 0.0582631 0.00920126 
-0.0205742 0.00920126 0.019381 
0.108689 -0.0570753 -0.0106935 
-0.0570753 0.0775303 -0.0023664 
-0.0106935 -0.0023664 0.0170684 
0.121461 -0.105238 0.00851237 
-0.105238 0.165701 -0.0325252 
0.00851237 -0.0325252 0.0200827 
0.194668 -0.206443 0.0322895 
-0.206443 0.337615 -0.0793577 
0.0322895 -0.0793577 0.0331058 
0.265535 -0.28885 0.047625 
-0.28885 0.474354 -0.113476 
0.047625 -0.113476 0.0453342 
0.294565 -0.321023 0.0531259 
-0.321023 0.527344 -0.12631 
0.0531259 -0.12631 0.0503052 
0.301131 -0.328205 0.0543278 
-0.328205 0.539145 -0.129146 
0.0543278 -0.129146 0.0514276 
0.300509 -0.327515 0.0542237 
-0.327515 0.537996 -0.128877 
0.0542237 -0.128877 0.0513232 
0.296984 -0.323632 0.0536105 
-0.323632 0.531571 -0.127355 
0.0536105 -0.127355 0.0507263 
0.290658 -0.316614 0.0525371 
-0.316614 0.519901 -0.12461 
0.0525371 -0.12461 0.049661 
0.280338 -0.305009 0.0508741 
-0.305009 0.500422 -0.120091 
0.0508741 -0.120091 0.047943 
0.264547 -0.286787 0.0485871 
-0.286787 0.46932 -0.113057 
0.0485871 -0.113057 0.045372 
0.242788 -0.260374 0.0461604 
-0.260374 0.422809 -0.103025 
0.0461604 -0.103025 0.0419912 
0.218102 -0.226884 0.0453646 
-0.226884 0.36018 -0.0907317 
0.0453646 -0.0907317 0.0385936 
0.200104 -0.193179 0.0499443 
-0.193179 0.288517 -0.0793607 
0.0499443 -0.0793607 0.0372709 
0.203694 -0.171868 0.064606 
-0.171868 0.224335 -0.0743622 
0.064606 -0.0743622 0.0410202 
0.238611 -0.173581 0.0910979 
-0.173581 0.185114 -0.0799175 
0.0910979 -0.0799175 0.0515047 
0.297912 -0.196836 0.124789 
-0.196836 0.175464 -0.094628 
0.124789 -0.094628 0.0667878 
0.361599 -0.228872 0.157054 
-0.228872 0.184876 -0.112261 
0.157054 -0.112261 0.0823397 
0.411455 -0.256302 0.181017 
-0.256302 0.198857 -0.126686 
0.181017 -0.126686 0.0942629 
0.439049 -0.271957 0.194048 
-0.271957 0.20798 -0.134819 
0.194048 -0.134819 0.100902 
0.443387 -0.274049 0.19638 
-0.274049 0.20855 -0.136073 
0.19638 -0.136073 0.102247 
0.426068 -0.262991 0.189083 
-0.262991 0.199801 -0.130828 
0.189083 -0.130828 0.0988812 
0.388888 -0.239592 0.173209 
-0.239592 0.181915 -0.119635 
0.173209 -0.119635 0.091538 
0.334295 -0.205123 0.150127 
-0.205123 0.155697 -0.103321 
0.150127 -0.103321 0.0813075 
0.267569 -0.16258 0.122548 
-0.16258 0.123362 -0.0836381 
0.122548 -0.0836381 0.0701761 
0.198589 -0.117799 0.0952371 
-0.117799 0.0893165 -0.063766 
0.0952371 -0.063766 0.0612356 
0.140036 -0.078518 0.0739508 
-0.078518 0.0594277 -0.047647 
0.0739508 -0.047647 0.0577008 
0.101191 -0.0507358 0.0624019 
-0.0507358 0.0382536 -0.037969 
0.0624019 -0.037969 0.0608546 
0.0826701 -0.0354282 0.0599752 
-0.0354282 0.0265474 -0.0345705 
0.0599752 -0.0345705 0.0689403 
0.0780369 -0.0292234 0.0629162 
-0.0292234 0.0217631 -0.035121 
0.0629162 -0.035121 0.0785462 
0.0797257 -0.0277673 0.0673974 
-0.0277673 0.0206024 -0.0371127 
0.0673974 -0.0371127 0.0869134 
0.0828375 -0.028039 0.0712406 
-0.028039 0.0207724 -0.0390399 
0.0712406 -0.0390399 0.0928976 
0.0852901 -0.0285952 0.0737583 
-0.0285952 0.0211743 -0.040357 
0.0737583 -0.040357 0.0965211 
0.0865472 -0.0289307 0.0749705 
-0.0289307 0.0214226 -0.041001 
0.0749705 -0.041001 0.0982117 
0.0865788 -0.0289119 0.0750317 
-0.0289119 0.0214181 -0.0410286 
0.0750317 -0.0410286 0.0983217 
0.0853539 -0.0284808 0.0739724 
-0.0284808 0.02113 -0.0404469 
0.0739724 -0.0404469 0.0969414 
0.0826686 -0.0275385 0.071626 
-0.0275385 0.0205218 -0.0391607 
0.071626 -0.0391607 0.0938672 
0.0781528 -0.0259117 0.0676546 
-0.0259117 0.0195589 -0.0369817 
0.0676546 -0.0369817 0.08866 
0.0714223 -0.0233676 0.0616763 
-0.0233676 0.0182799 -0.0336941 
0.0616763 -0.0336941 0.0808177 
0.0624032 -0.0196806 0.0535297 
-0.0196806 0.0169267 -0.0291973 
0.0535297 -0.0291973 0.0701238 
0.0517526 -0.0147602 0.0436339 
-0.0147602 0.0160638 -0.0237008 
0.0436339 -0.0237008 0.0571197 
0.0410318 -0.00879862 0.0331818 
-0.00879862 0.0165048 -0.0178367 
0.0331818 -0.0178367 0.0433605 
0.0321911 -0.00232142 0.0238024 
-0.00232142 0.0188963 -0.0124884 
0.0238024 -0.0124884 0.0309781 
0.0265228 0.00395476 0.0167532 
0.00395476 0.0231925 -0.00836372 
0.0167532 -0.00836373 0.0216284 
0.0240106 0.00938728 0.0123317 
0.00938728 0.0285601 -0.00567133 
0.0123317 -0.00567134 0.0157199 
0.0236495 0.0135931 0.010008 
0.0135931 0.0338459 -0.00417948 
0.010008 -0.00417949 0.0125807 
0.0242308 0.016447 0.00897208 
0.016447 0.0381281 -0.00350789 
0.00897208 -0.0035079 0.0111721 
0.0248674 0.017956 0.00855232 
0.017956 0.0409519 -0.00337294 
0.00855232 -0.00337295 0.0106424 
0.0251232 0.0181189 0.00834994 
0.0181189 0.0423173 -0.00370541 
0.00834994 -0.00370542 0.0105173 
0.024985 0.0168245 0.00822337 
0.0168245 0.0426726 -0.00471676 
0.00822337 -0.00471677 0.0107042 
0.0248806 0.0138027 0.00826223 
0.0138027 0.0430678 -0.00698307 
0.00826223 -0.00698308 0.0114897 
0.0257624 0.00864779 0.00878651 
0.00864779 0.0453953 -0.0115138 
0.00878651 -0.0115138 0.0135601 
0.0290615 0.000968616 0.0103053 
0.000968616 0.0523485 -0.0196242 
0.0103053 -0.0196242 0.0179134 
0.0362051 -0.00929992 0.0133205 
-0.00929992 0.0665421 -0.0323718 
0.0133205 -0.0323718 0.0254553 
0.0476785 -0.0215563 0.0179726 
-0.0215563 0.0887922 -0.0496477 
0.0179726 -0.0496477 0.0363059 
0.0623409 -0.034499 0.0237929 
-0.034499 0.116884 -0.0696738 
0.0237929 -0.0696738 0.0493599 
0.0778411 -0.0465901 0.0298721 
-0.0465901 0.146381 -0.0896447 
0.0298721 -0.0896447 0.0626839 
0.0918683 -0.0566939 0.0353347 
-0.0566939 0.172971 -0.107086 
0.0353347 -0.107086 0.0744909 
0.103098 -0.0643814 0.0396891 
-0.0643814 0.194208 -0.120747 
0.0396891 -0.120747 0.0838231 
0.111261 -0.0697939 0.0428463 
-0.0697939 0.209624 -0.130544 
0.0428463 -0.130544 0.0905542 
0.116673 -0.0733138 0.0449364 
-0.0733138 0.219836 -0.136988 
0.0449364 -0.136988 0.0949964 
0.119702 -0.0752614 0.0461047 
-0.0752614 0.225542 -0.140575 
0.0461047 -0.140575 0.0974732 
0.120333 -0.0756552 0.0463462 
-0.0756552 0.226689 -0.141295 
0.0463462 -0.141295 0.0979705 
0.117868 -0.0739881 0.0453822 
-0.0739881 0.221781 -0.138198 
0.0453822 -0.138198 0.0958338 
0.111049 -0.0690861 0.0426829 
-0.0690861 0.207617 -0.129159 
0.0426829 -0.129159 0.0896264 
0.0998189 -0.0594949 0.0380565 
-0.0594949 0.181048 -0.111733 
0.0380565 -0.111733 0.0777896 
0.089595 -0.0450968 0.0331708 
-0.0450968 0.14474 -0.0863742 
0.0331708 -0.0863742 0.0609825 
0.0926792 -0.0289907 0.0322122 
-0.0289907 0.111949 -0.0597596 
0.0322122 -0.0597596 0.0442853 
0.117149 -0.0159375 0.0382539 
-0.0159375 0.0972107 -0.0408411 
0.0382539 -0.0408411 0.033936 
0.155688 -0.00808743 0.0492809 
-0.00808743 0.101183 -0.0323384 
0.0492809 -0.0323384 0.0311632 
0.194246 -0.00431809 0.0607994 
-0.00431809 0.113894 -0.0306756 
0.0607994 -0.0306756 0.0327369 
0.224744 -0.00274272 0.0700774 
-0.00274272 0.126956 -0.0317163 
0.0700774 -0.0317163 0.0354783 
0.246131 -0.0021297 0.0766422 
-0.0021297 0.137168 -0.0332701 
0.0766422 -0.0332701 0.0379242 
0.260333 -0.00189925 0.0810224 
-0.00189925 0.144327 -0.0345977 
0.0810224 -0.0345977 0.0397363 
0.269586 -0.001815 0.0838842 
-0.001815 0.149132 -0.0355732 
0.0838842 -0.0355732 0.0409872 
0.275601 -0.00178584 0.0857475 
-0.00178584 0.152311 -0.0362502 
0.0857475 -0.0362502 0.0418276 
0.279516 -0.00177715 0.0869616 
-0.00177715 0.154402 -0.0367081 
0.0869616 -0.0367081 0.0423855 
0.282047 -0.00177571 0.0877468 
-0.00177571 0.155762 -0.037011 
0.0877468 -0.037011 0.0427506 
