4  6
0.116561  0.192272  0.16801  0.199726  0.189662  0.133768  
6.91688  -0.403439  3.02593  2.85205  
24.0673  -0.472591  -0.250165  -0.244115  
43.7095  -1.72106  0.116568  -2.04185  
63.979  -0.241878  -1.0482  -0.0551631  
85.4026  -0.0564883  0.493018  -0.163178  
102.765  -0.046868  -0.264754  0.17263  
13.6911  0.906839  -6.65034  -6.32061  
0.906839  0.0981982  -0.423689  -0.434423  
-6.65034  -0.423689  3.48404  2.93791  
-6.32061  -0.434423  2.93791  3.05582  
41.0067  -1.5454  -0.472922  -0.824673  
-1.5454  0.289333  0.025433  0.0931714  
-0.472922  0.025433  0.148107  -0.0169719  
-0.824673  0.0931714  -0.0169719  0.110581  
35.4491  1.74718  -1.57896  -3.30124  
1.74718  0.481847  -0.0918509  -0.0455286  
-1.57896  -0.0918509  0.198669  0.161962  
-3.30124  -0.0455286  0.161962  0.925169  
48.5628  1.73615  0.711546  4.15342  
1.73615  0.596426  0.104477  0.228532  
0.711546  0.104477  0.362313  0.334116  
4.15342  0.228532  0.334116  1.32612  
46.6442  0.332282  -2.0253  -0.140815  
0.332282  0.173403  0.00783726  0.0833636  
-2.0253  0.00783726  0.471353  0.0629185  
-0.140815  0.0833636  0.0629185  0.363124  
22.6957  0.142929  0.914718  -1.00589  
0.142929  0.0423536  0.0911985  -0.0195997  
0.914718  0.0911985  0.347113  -0.181066  
-1.00589  -0.0195997  -0.181066  0.323693  
