3,3,110
0.0417875 0.0141547 -0.0209095 
0.0141547 0.328488 -0.114326 
-0.0209095 -0.114326 0.194207 
0.0417448 0.0141402 -0.0208878 
0.0141402 0.328147 -0.114207 
-0.0208878 -0.114207 0.194006 
0.0416834 0.0141193 -0.0208565 
0.0141193 0.327656 -0.114036 
-0.0208565 -0.114037 0.193715 
0.0415945 0.014089 -0.020811 
0.014089 0.326941 -0.113788 
-0.020811 -0.113788 0.193292 
0.041464 0.0140446 -0.0207437 
0.0140446 0.325884 -0.11342 
-0.0207436 -0.11342 0.192667 
0.04127 0.0139783 -0.0206424 
0.0139783 0.324293 -0.112866 
-0.0206423 -0.112867 0.191726 
0.040978 0.0138781 -0.0204871 
0.0138781 0.321855 -0.112018 
-0.020487 -0.112019 0.190284 
0.0405352 0.0137252 -0.0202446 
0.0137252 0.318049 -0.110695 
-0.0202445 -0.110695 0.188031 
0.0398667 0.0134918 -0.0198599 
0.0134918 0.312013 -0.108597 
-0.0198599 -0.108598 0.184458 
0.0388845 0.0131418 -0.0192432 
0.0131418 0.302345 -0.10524 
-0.0192432 -0.10524 0.178729 
0.0375531 0.0126463 -0.0182544 
0.0126463 0.286864 -0.0998724 
-0.0182544 -0.0998726 0.169545 
0.0361264 0.0120466 -0.0166983 
0.0120466 0.262567 -0.091469 
-0.0166983 -0.0914692 0.155095 
0.0357886 0.0116343 -0.0143715 
0.0116343 0.226432 -0.0790311 
-0.0143715 -0.0790313 0.133516 
0.03982 0.012289 -0.0112346 
0.012289 0.178285 -0.0626134 
-0.0112346 -0.0626136 0.104537 
0.054078 0.0156487 -0.00769687 
0.0156487 0.125453 -0.0449548 
-0.00769686 -0.0449549 0.0722457 
0.0831933 0.0230875 -0.00463311 
0.0230875 0.0828448 -0.0313951 
-0.0046331 -0.0313951 0.0453258 
0.122911 0.0335551 -0.00270669 
0.0335551 0.0614097 -0.0256371 
-0.00270669 -0.0256371 0.030548 
0.160633 0.0436348 -0.00175703 
0.0436348 0.0579068 -0.0261906 
-0.00175703 -0.0261906 0.0266185 
0.186778 0.0506607 -0.00119694 
0.0506607 0.0620553 -0.0291921 
-0.00119694 -0.0291921 0.0278762 
0.200317 0.0542975 -0.000618109 
0.0542975 0.0671925 -0.0323006 
-0.000618106 -0.0323006 0.0303887 
0.204778 0.055477 0.000135334 
0.055477 0.0715316 -0.0350367 
0.000135336 -0.0350367 0.0329123 
0.203851 0.0551904 0.00111796 
0.0551904 0.0754006 -0.0376906 
0.00111797 -0.0376906 0.0354643 
0.199972 0.0540948 0.00237634 
0.0540948 0.0795393 -0.040682 
0.00237634 -0.040682 0.0383755 
0.1945 0.0525553 0.00397671 
0.0525553 0.0846385 -0.0444045 
0.00397671 -0.0444045 0.0420059 
0.188177 0.0507702 0.00600967 
0.0507702 0.0913377 -0.0492412 
0.00600967 -0.0492412 0.0467199 
0.181483 0.048865 0.00859051 
0.048865 0.100304 -0.0556066 
0.00859051 -0.0556066 0.0529157 
0.174835 0.0469479 0.0118586 
0.0469479 0.112289 -0.063976 
0.0118586 -0.063976 0.0610512 
0.168698 0.0451392 0.0159743 
0.0451392 0.128157 -0.0748937 
0.0159743 -0.0748937 0.0716511 
0.16363 0.0435841 0.0211109 
0.0435841 0.148857 -0.0889574 
0.0211109 -0.0889574 0.0852911 
0.160284 0.042453 0.0274382 
0.042453 0.175356 -0.10677 
0.0274382 -0.10677 0.102552 
0.159356 0.0419302 0.0350962 
0.0419302 0.208508 -0.128857 
0.0350962 -0.128857 0.123938 
0.161499 0.0421896 0.0441586 
0.0421896 0.24886 -0.155541 
0.0441586 -0.155541 0.149759 
0.167189 0.0433614 0.0545906 
0.0433614 0.296424 -0.186801 
0.0545906 -0.186801 0.179993 
0.176576 0.0454937 0.0662095 
0.0454937 0.350453 -0.222131 
0.0662095 -0.222131 0.214151 
0.189365 0.0485199 0.0786601 
0.0485199 0.409288 -0.260444 
0.0786601 -0.260444 0.251188 
0.20475 0.0522439 0.0914152 
0.0522438 0.470337 -0.300061 
0.0914152 -0.300061 0.289493 
0.22145 0.0563495 0.103805 
0.0563494 0.530207 -0.338793 
0.103805 -0.338793 0.326985 
0.237816 0.0604356 0.115071 
0.0604356 0.584956 -0.374087 
0.115071 -0.374087 0.361275 
0.252008 0.0640737 0.124434 
0.0640736 0.630416 -0.403212 
0.124434 -0.403212 0.389895 
0.262189 0.0668828 0.131173 
0.0668828 0.662533 -0.423424 
0.131173 -0.423424 0.410563 
0.266747 0.0686323 0.134732 
0.0686322 0.677761 -0.432136 
0.134732 -0.432136 0.421525 
0.264575 0.0693868 0.134879 
0.0693868 0.673649 -0.42716 
0.134879 -0.42716 0.422083 
0.255478 0.0697028 0.131948 
0.0697028 0.649745 -0.40711 
0.131948 -0.40711 0.413373 
0.240658 0.0708323 0.127129 
0.0708323 0.608786 -0.372026 
0.127129 -0.372026 0.399279 
0.223084 0.0747929 0.122645 
0.0747929 0.557678 -0.32404 
0.122645 -0.32404 0.386993 
0.207311 0.0840783 0.121541 
0.0840782 0.507245 -0.267655 
0.121541 -0.267655 0.386294 
0.198394 0.100882 0.126878 
0.100882 0.469848 -0.209134 
0.126878 -0.209134 0.406931 
0.200104 0.126071 0.14054 
0.126071 0.455284 -0.154913 
0.14054 -0.154913 0.454766 
0.213414 0.158534 0.162327 
0.158534 0.46712 -0.109738 
0.162327 -0.109738 0.528887 
0.236265 0.195421 0.189993 
0.195421 0.501875 -0.0756039 
0.189993 -0.0756039 0.621794 
0.264707 0.233156 0.220204 
0.233156 0.551399 -0.0519592 
0.220204 -0.0519592 0.722534 
0.294534 0.268562 0.249734 
0.268562 0.606528 -0.0367609 
0.249734 -0.0367609 0.820588 
0.322458 0.299516 0.276249 
0.299516 0.659828 -0.0275857 
0.276249 -0.0275857 0.908393 
0.346497 0.325017 0.298484 
0.325017 0.706601 -0.0223229 
0.298485 -0.0223229 0.981896 
0.365779 0.344899 0.316028 
0.344899 0.74458 -0.0194128 
0.316028 -0.0194128 1.03981 
0.38013 0.359443 0.328962 
0.359443 0.77309 -0.0178097 
0.328962 -0.0178097 1.08246 
0.389684 0.369063 0.337559 
0.369063 0.792226 -0.0168399 
0.337559 -0.0168399 1.11075 
0.394604 0.374098 0.342068 
0.374098 0.802257 -0.0160474 
0.342068 -0.0160474 1.1255 
0.39491 0.374701 0.342605 
0.374701 0.803284 -0.0150551 
0.342605 -0.0150551 1.12702 
0.390407 0.370812 0.339117 
0.370812 0.795126 -0.0134294 
0.339117 -0.0134294 1.11503 
0.380687 0.362205 0.331434 
0.362205 0.777413 -0.0105232 
0.331434 -0.0105232 1.08872 
0.365229 0.348642 0.319416 
0.348642 0.749948 -0.0052644 
0.319416 -0.0052644 1.04721 
0.343623 0.33015 0.303232 
0.33015 0.713392 0.00412261 
0.303232 0.00412261 0.990306 
0.315945 0.307456 0.283781 
0.307456 0.670298 0.0204223 
0.283781 0.0204223 0.919779 
0.283247 0.282497 0.263169 
0.282497 0.626251 0.0475928 
0.263169 0.0475928 0.840847 
0.247965 0.258733 0.244976 
0.258733 0.590442 0.090446 
0.244976 0.090446 0.76319 
0.213895 0.240846 0.233871 
0.240846 0.574562 0.153432 
0.233871 0.153432 0.700195 
0.185395 0.233456 0.234254 
0.233456 0.589263 0.238463 
0.234254 0.238463 0.665451 
0.16589 0.239161 0.248261 
0.239161 0.639097 0.342623 
0.248261 0.342623 0.667185 
0.15647 0.257004 0.274296 
0.257004 0.718923 0.457366 
0.274296 0.457366 0.703787 
0.15552 0.282539 0.307236 
0.282539 0.814702 0.570318 
0.307236 0.570318 0.763739 
0.159632 0.309553 0.340326 
0.309553 0.908525 0.668914 
0.340326 0.668914 0.830258 
0.165078 0.332276 0.36748 
0.332276 0.984569 0.743758 
0.36748 0.743758 0.887407 
0.168945 0.346798 0.384712 
0.346798 1.03271 0.790099 
0.384712 0.790099 0.924162 
0.169537 0.351361 0.390366 
0.351361 1.04898 0.807391 
0.390366 0.807391 0.935328 
0.16623 0.345901 0.384574 
0.345901 1.03408 0.797924 
0.384574 0.797924 0.920373 
0.159132 0.331396 0.368552 
0.331396 0.991495 0.765464 
0.368552 0.765464 0.881679 
0.148765 0.309352 0.344051 
0.309352 0.926076 0.714341 
0.344051 0.714341 0.823134 
0.135861 0.281504 0.313035 
0.281504 0.843188 0.649002 
0.313035 0.649002 0.749289 
0.121243 0.249662 0.27754 
0.249662 0.748351 0.57385 
0.27754 0.57385 0.664931 
0.105757 0.215642 0.239592 
0.215642 0.647045 0.493184 
0.239592 0.493184 0.574874 
0.0902255 0.181195 0.201146 
0.181195 0.544533 0.411128 
0.201146 0.411128 0.483769 
0.0753888 0.147931 0.163997 
0.147931 0.445627 0.331487 
0.163997 0.331487 0.395877 
0.0618485 0.117212 0.129665 
0.117212 0.354383 0.257541 
0.129665 0.257541 0.314799 
0.0500165 0.0900673 0.0992996 
0.0900673 0.273823 0.191854 
0.0992996 0.191854 0.243224 
0.0400856 0.067127 0.0736035 
0.067127 0.20576 0.136125 
0.0736035 0.136125 0.182776 
0.0320358 0.0486214 0.0528249 
0.0486214 0.150784 0.0911528 
0.0528249 0.0911528 0.134 
0.0256794 0.03443 0.0368027 
0.03443 0.108416 0.0568836 
0.0368027 0.0568836 0.0965101 
0.0207376 0.0241738 0.0250606 
0.0241738 0.0774028 0.0325404 
0.0250606 0.0325404 0.0692561 
0.0169291 0.017324 0.0169263 
0.017324 0.056069 0.0167908 
0.0169263 0.0167908 0.0508266 
0.0140403 0.0132977 0.0116546 
0.0132977 0.042633 0.00795012 
0.0116546 0.00795012 0.0397169 
0.0119462 0.0115196 0.00852914 
0.0115196 0.0354151 0.00420927 
0.00852914 0.00420927 0.0344841 
0.0105781 0.0114463 0.0069283 
0.0114463 0.0329122 0.00386331 
0.0069283 0.00386331 0.0337839 
0.00986735 0.0125727 0.00635126 
0.0125727 0.0337908 0.00549191 
0.00635126 0.00549191 0.036355 
0.00970813 0.0144432 0.0064157 
0.0144432 0.0368764 0.00804868 
0.0064157 0.00804868 0.041029 
0.00995779 0.0166741 0.00684292 
0.0166741 0.0411787 0.0108539 
0.00684292 0.0108539 0.0467882 
0.0104643 0.018974 0.00744017 
0.018974 0.0459303 0.0135238 
0.00744017 0.0135238 0.0528354 
0.011095 0.0211496 0.00808319 
0.0211496 0.0506027 0.0158794 
0.00808319 0.0158794 0.0586248 
0.0117524 0.0230945 0.00869936 
0.0230945 0.0548833 0.0178663 
0.00869936 0.0178663 0.0638437 
0.0123757 0.0247672 0.00925215 
0.0247672 0.0586263 0.0194966 
0.00925215 0.0194966 0.0683593 
0.0129332 0.0261682 0.00972818 
0.0261682 0.0617983 0.0208115 
0.00972818 0.0208115 0.072158 
0.0134136 0.0273207 0.0101274 
0.0273207 0.0644302 0.0218617 
0.0101274 0.0218617 0.0752935 
0.0138177 0.028258 0.0104566 
0.028258 0.0665842 0.0226961 
0.0104566 0.0226961 0.0778498 
0.0141523 0.029015 0.0107253 
0.029015 0.0683322 0.0233577 
0.0107253 0.0233577 0.0799183 
0.0144266 0.0296242 0.0109431 
0.0296242 0.0697441 0.0238825 
0.0109431 0.0238825 0.0815854 
0.0146503 0.0301139 0.0111192 
0.0301139 0.0708822 0.0242996 
0.0111192 0.0242996 0.082927 
0.0148323 0.0305079 0.0112616 
0.0305079 0.0717998 0.0246321 
0.0112616 0.0246321 0.0840073 
0.0149802 0.0308255 0.0113767 
0.0308255 0.0725407 0.0248982 
0.0113767 0.0248982 0.0848786 
0.0151006 0.0310821 0.0114701 
0.0310821 0.0731404 0.0251121 
0.0114701 0.0251121 0.0855833 
0.0151988 0.0312903 0.011546 
0.0312903 0.0736272 0.0252848 
0.011546 0.0252848 0.0861551 
