3,3,150
2.02103 -0.757617 -0.22504 
-0.757617 0.45472 0.117672 
-0.22504 0.117672 0.16635 
2.02077 -0.757519 -0.225011 
-0.757519 0.45466 0.117657 
-0.225011 0.117657 0.166328 
2.01935 -0.756989 -0.224853 
-0.756989 0.454343 0.117574 
-0.224853 0.117574 0.166212 
2.01209 -0.754264 -0.224043 
-0.754264 0.452707 0.117151 
-0.224043 0.117151 0.165613 
1.97678 -0.741009 -0.220093 
-0.741009 0.444749 0.115089 
-0.220093 0.115089 0.162699 
1.82361 -0.683191 -0.20263 
-0.683191 0.41 0.10604 
-0.20263 0.10604 0.149911 
1.34878 -0.499247 -0.143701 
-0.499247 0.298898 0.0764441 
-0.143701 0.0764441 0.108149 
0.808223 -0.258836 -0.0450275 
-0.258836 0.15016 0.0325861 
-0.0450275 0.0325861 0.0466345 
0.923975 -0.237104 0.00842727 
-0.237104 0.129456 0.0179747 
0.00842729 0.0179747 0.0268175 
1.14558 -0.284648 0.0199469 
-0.284648 0.153817 0.0192309 
0.0199469 0.0192309 0.0290517 
1.20983 -0.299956 0.0217376 
-0.299957 0.162024 0.020114 
0.0217377 0.020114 0.0304226 
1.16298 -0.288067 0.021235 
-0.288067 0.156117 0.0194593 
0.021235 0.0194593 0.0295295 
0.960947 -0.235471 0.0207745 
-0.235471 0.13326 0.0175605 
0.0207745 0.0175605 0.0276712 
0.58416 -0.123407 0.0376004 
-0.123407 0.114025 0.0221501 
0.0376004 0.0221501 0.0421525 
0.434906 -0.031287 0.104656 
-0.031287 0.186252 0.0517196 
0.104656 0.0517196 0.10915 
0.554313 -0.011789 0.168931 
-0.011789 0.284379 0.0822512 
0.168931 0.0822512 0.17517 
0.623963 -0.0111468 0.192844 
-0.0111468 0.323663 0.0938208 
0.192844 0.0938208 0.199906 
0.640426 -0.0113417 0.198056 
-0.0113417 0.332367 0.0963532 
0.198056 0.0963532 0.205307 
0.634035 -0.0112289 0.196058 
-0.0112289 0.329003 0.0953754 
0.196058 0.0953754 0.203251 
0.591529 -0.0105654 0.182361 
-0.0105654 0.30582 0.0885933 
0.182361 0.0885933 0.189366 
0.475403 -0.00981793 0.138332 
-0.00981793 0.229048 0.0654358 
0.138332 0.0654358 0.148336 
0.458556 -0.018183 0.0793914 
-0.018183 0.111029 0.0252539 
0.0793914 0.0252539 0.117769 
0.789833 -0.040883 0.0774304 
-0.040883 0.0706051 0.00193732 
0.0774303 0.00193732 0.175066 
1.06758 -0.0565497 0.0966579 
-0.0565497 0.0791632 -0.0029862 
0.0966579 -0.0029862 0.232881 
1.16472 -0.0618031 0.104813 
-0.0618031 0.0850863 -0.00369236 
0.104813 -0.00369236 0.253783 
1.15995 -0.0616316 0.104239 
-0.0616316 0.0847376 -0.0035862 
0.104239 -0.0035862 0.252809 
1.04037 -0.0562657 0.0922058 
-0.0562657 0.0773471 -0.00153031 
0.0922058 -0.00153031 0.227932 
0.725267 -0.0498004 0.0505327 
-0.0498004 0.0684193 0.0170301 
0.0505327 0.0170301 0.17162 
0.484821 -0.0860573 -0.0347998 
-0.0860572 0.118077 0.101674 
-0.0347998 0.101674 0.178204 
0.628292 -0.16043 -0.108659 
-0.16043 0.220066 0.215445 
-0.108659 0.215445 0.289775 
0.754332 -0.197526 -0.136842 
-0.197526 0.270947 0.26707 
-0.136842 0.26707 0.353816 
0.789404 -0.206949 -0.143514 
-0.206949 0.283872 0.279896 
-0.143514 0.279896 0.370553 
0.78931 -0.206926 -0.14349 
-0.206926 0.283836 0.279856 
-0.14349 0.279856 0.370501 
0.758677 -0.198763 -0.137577 
-0.198763 0.272548 0.268595 
-0.137577 0.268595 0.355778 
0.656289 -0.169991 -0.113948 
-0.169991 0.231749 0.226449 
-0.113948 0.226449 0.302693 
0.520089 -0.116475 -0.042907 
-0.116475 0.146043 0.124239 
-0.042907 0.124239 0.192405 
0.748736 -0.115044 0.0750125 
-0.115044 0.101699 0.0195052 
0.0750125 0.0195052 0.139989 
1.18048 -0.165674 0.159085 
-0.165674 0.127949 -0.016801 
0.159085 -0.016801 0.179828 
1.38699 -0.193394 0.190198 
-0.193394 0.147727 -0.0235652 
0.190198 -0.0235652 0.207998 
1.44487 -0.201383 0.198348 
-0.201383 0.153723 -0.0247963 
0.198348 -0.0247963 0.216465 
1.43794 -0.200413 0.197401 
-0.200413 0.152975 -0.0246899 
0.197401 -0.0246899 0.21541 
1.33097 -0.185566 0.182522 
-0.185566 0.141626 -0.0227816 
0.182522 -0.0227816 0.19931 
0.960695 -0.134962 0.128467 
-0.134962 0.10274 -0.0152301 
0.128467 -0.0152301 0.142607 
0.472984 -0.0733928 0.0409423 
-0.0733928 0.0540835 0.000761623 
0.0409423 0.000761623 0.0616677 
0.408203 -0.0748668 -0.00167882 
-0.0748668 0.0524854 0.0143634 
-0.00167882 0.0143634 0.0390474 
0.479633 -0.0903323 -0.0095764 
-0.0903323 0.0628648 0.0196943 
-0.0095764 0.0196943 0.042976 
0.499925 -0.0943187 -0.0106247 
-0.0943187 0.0656454 0.0207865 
-0.0106247 0.0207865 0.044638 
0.465912 -0.0877198 -0.0106836 
-0.0877198 0.0615416 0.0199115 
-0.0106836 0.0199115 0.0423805 
0.361381 -0.0659379 -0.0162816 
-0.0659379 0.0515786 0.021101 
-0.0162816 0.021101 0.0414601 
0.314347 -0.0451491 -0.0605706 
-0.0451491 0.0671858 0.0511961 
-0.0605706 0.0511961 0.0859385 
0.50476 -0.0601795 -0.144092 
-0.0601795 0.130407 0.115349 
-0.144092 0.115349 0.188325 
0.64606 -0.0758314 -0.188969 
-0.0758314 0.169097 0.150852 
-0.188969 0.150853 0.245924 
0.685207 -0.0803737 -0.20062 
-0.0803737 0.179439 0.160135 
-0.20062 0.160135 0.26104 
0.689462 -0.0808708 -0.201868 
-0.0808708 0.180554 0.161131 
-0.201868 0.161131 0.262664 
0.670405 -0.0786279 -0.196121 
-0.0786279 0.175467 0.15657 
-0.196121 0.15657 0.255253 
0.586279 -0.0685779 -0.167406 
-0.0685779 0.151083 0.134301 
-0.167406 0.134301 0.219513 
0.470841 -0.0527229 -0.0817929 
-0.0527229 0.0909926 0.0742306 
-0.0817929 0.0742306 0.128716 
0.764334 -0.0787485 0.0202974 
-0.0787485 0.0594961 0.0227351 
0.0202974 0.0227351 0.0706322 
1.19212 -0.121329 0.0650913 
-0.121329 0.0735278 0.0141063 
0.0650913 0.0141063 0.0799534 
1.36079 -0.138391 0.0766595 
-0.138391 0.0825751 0.0145988 
0.0766595 0.0145988 0.0891365 
1.36984 -0.139315 0.0773035 
-0.139315 0.0830805 0.0146417 
0.0773035 0.0146417 0.0896276 
1.24066 -0.12629 0.0697342 
-0.12629 0.0757927 0.0138018 
0.0697342 0.0138018 0.0816512 
0.893433 -0.0921308 0.0472013 
-0.0921308 0.060331 0.0156324 
0.0472013 0.0156324 0.0638498 
0.655915 -0.0738894 0.0187466 
-0.0738894 0.0746123 0.0414952 
0.0187466 0.0414952 0.0735057 
0.926596 -0.10996 0.0122891 
-0.10996 0.132459 0.0854059 
0.0122891 0.0854059 0.127603 
1.12073 -0.133459 0.0136915 
-0.133459 0.162445 0.105512 
0.0136915 0.105512 0.1563 
1.16902 -0.139227 0.0142377 
-0.139227 0.169528 0.110141 
0.0142377 0.110141 0.163108 
1.17479 -0.139914 0.0143067 
-0.139914 0.170367 0.110687 
0.0143067 0.110687 0.163916 
1.16062 -0.138225 0.0141323 
-0.138225 0.168316 0.109356 
0.0141323 0.109356 0.161951 
1.08991 -0.129762 0.0132321 
-0.129762 0.158153 0.10278 
0.0132321 0.10278 0.152371 
0.845015 -0.0999256 0.00960686 
-0.0999256 0.124141 0.0811357 
0.00960686 0.0811357 0.122905 
0.459033 -0.0488493 1.12974e-05 
-0.0488493 0.0796051 0.0556483 
1.12983e-05 0.0556483 0.104862 
0.386537 -0.0292091 -0.0114211 
-0.0292091 0.0937438 0.072264 
-0.0114211 0.072264 0.171926 
0.47702 -0.03275 -0.0172546 
-0.03275 0.123072 0.0962032 
-0.0172546 0.0962032 0.23529 
0.520845 -0.0354945 -0.019093 
-0.0354945 0.134971 0.105604 
-0.019093 0.105604 0.258759 
0.531084 -0.0361733 -0.0194854 
-0.0361733 0.137665 0.107719 
-0.0194854 0.107719 0.263975 
0.517631 -0.0352553 -0.0189619 
-0.0352553 0.134132 0.104951 
-0.0189619 0.104951 0.257187 
0.446801 -0.0304237 -0.0156606 
-0.0304237 0.114668 0.0896372 
-0.0156606 0.0896372 0.219485 
0.312325 -0.021174 -0.00185157 
-0.021174 0.0658675 0.05039 
-0.00185158 0.05039 0.121125 
0.404505 -0.0271312 0.0261913 
-0.0271312 0.040397 0.0266988 
0.0261913 0.0266988 0.0553457 
0.593191 -0.0397234 0.0446919 
-0.0397234 0.0493704 0.030677 
0.0446919 0.030677 0.0588478 
0.658262 -0.0440823 0.0499271 
-0.0440823 0.054266 0.0335914 
0.049927 0.0335914 0.0641184 
0.6604 -0.0442588 0.0501017 
-0.0442588 0.0544391 0.0336696 
0.0501016 0.0336696 0.064258 
0.623103 -0.0420324 0.0472508 
-0.0420324 0.0515319 0.0316812 
0.0472507 0.0316812 0.0605043 
0.527335 -0.0379646 0.0397961 
-0.0379646 0.0450862 0.0260592 
0.039796 0.0260592 0.050134 
0.456441 -0.0487976 0.0331636 
-0.0487976 0.0488475 0.0175419 
0.0331636 0.0175419 0.0362599 
0.746015 -0.112374 0.0515786 
-0.112374 0.0999414 0.0184085 
0.0515786 0.0184085 0.0446624 
1.12613 -0.176165 0.0773334 
-0.176165 0.154891 0.0257325 
0.0773334 0.0257325 0.064494 
1.27005 -0.199048 0.0871872 
-0.199048 0.174914 0.0289052 
0.0871872 0.0289052 0.0725715 
1.30208 -0.204081 0.0893847 
-0.204081 0.179333 0.0296297 
0.0893847 0.0296297 0.0743953 
1.30691 -0.204839 0.0897166 
-0.204839 0.179999 0.0297396 
0.0897166 0.0297396 0.0746714 
1.30213 -0.204089 0.0893892 
-0.204089 0.179341 0.0296314 
0.0893892 0.0296314 0.0743996 
1.27115 -0.199209 0.0872917 
-0.199209 0.175081 0.0289458 
0.0872917 0.0289458 0.0726742 
1.13503 -0.177325 0.0786123 
-0.177325 0.156505 0.0262874 
0.0786123 0.0262874 0.0659117 
0.769117 -0.113095 0.0618089 
-0.113095 0.108247 0.0234544 
0.0618089 0.0234544 0.0576987 
0.429196 -0.0290453 0.0756755 
-0.0290453 0.070999 0.0402954 
0.0756755 0.0402954 0.0950636 
0.43119 0.0117524 0.125512 
0.0117524 0.0840569 0.0731737 
0.125512 0.0731737 0.171043 
0.508457 0.0226536 0.158636 
0.0226536 0.101854 0.0933105 
0.158637 0.0933105 0.217924 
0.545707 0.0253861 0.171556 
0.0253861 0.109651 0.101004 
0.171556 0.101004 0.23587 
0.547011 0.0255606 0.17212 
0.0255606 0.109974 0.101348 
0.17212 0.101348 0.236675 
0.481378 0.0216873 0.15097 
0.0216873 0.0972745 0.088875 
0.15097 0.088875 0.207692 
0.293754 -0.000223236 0.0836161 
-0.000223236 0.0673194 0.0488842 
0.0836161 0.0488842 0.116594 
0.250177 -0.0540074 0.037169 
-0.0540074 0.0891516 0.0202312 
0.037169 0.0202312 0.058706 
0.34204 -0.0896504 0.0408149 
-0.0896504 0.131236 0.021372 
0.0408149 0.021372 0.0683361 
0.375924 -0.099243 0.0444083 
-0.099243 0.144657 0.0232063 
0.0444083 0.0232063 0.0745693 
0.380107 -0.100373 0.0448872 
-0.100373 0.146284 0.0234537 
0.0448872 0.0234537 0.0753798 
0.360998 -0.0953201 0.042688 
-0.0953201 0.139005 0.0222581 
0.042688 0.0222581 0.0716118 
0.271017 -0.0713262 0.033746 
-0.0713262 0.106531 0.0162369 
0.033746 0.0162369 0.0544126 
0.172098 -0.0429917 0.0380799 
-0.0429917 0.0889603 0.0056712 
0.0380799 0.0056712 0.0409315 
0.245942 -0.0589927 0.072115 
-0.0589927 0.149781 0.00317292 
0.072115 0.00317292 0.0652727 
0.292138 -0.0699267 0.0867291 
-0.0699267 0.179285 0.00346278 
0.0867291 0.00346278 0.0779357 
0.295057 -0.0706753 0.087285 
-0.0706753 0.180702 0.00350761 
0.087285 0.00350761 0.0785341 
0.275649 -0.0666371 0.0776748 
-0.0666371 0.164118 0.00350886 
0.0776748 0.00350886 0.0712068 
0.294122 -0.0776363 0.0414946 
-0.0776363 0.124857 0.00622875 
0.0414946 0.00622875 0.0528586 
0.76643 -0.226458 -0.0448595 
-0.226458 0.139563 0.0254162 
-0.0448595 0.0254162 0.0522733 
1.5229 -0.455047 -0.121281 
-0.455047 0.238276 0.0524321 
-0.121281 0.0524321 0.0859097 
1.80379 -0.539177 -0.144916 
-0.539177 0.280687 0.0621787 
-0.144916 0.0621787 0.101048 
1.8535 -0.554041 -0.148939 
-0.554041 0.288387 0.0638941 
-0.148939 0.0638941 0.103816 
1.85612 -0.554824 -0.14915 
-0.554824 0.288794 0.0639844 
-0.14915 0.0639844 0.103963 
1.8344 -0.548321 -0.147403 
-0.548321 0.285409 0.0632332 
-0.147403 0.0632332 0.102745 
1.72616 -0.515734 -0.138671 
-0.515735 0.268452 0.0594452 
-0.138671 0.0594452 0.0966454 
1.34344 -0.397265 -0.107314 
-0.397265 0.206856 0.0452573 
-0.107314 0.0452573 0.0745651 
0.748125 -0.188058 -0.0548453 
-0.188058 0.0984975 0.0170928 
-0.0548453 0.0170928 0.0362744 
0.653787 -0.0925497 -0.0372905 
-0.0925497 0.0499399 -0.00261619 
-0.0372905 -0.00261619 0.0203389 
0.812212 -0.0945391 -0.0432982 
-0.0945391 0.0517544 -0.00824709 
-0.0432982 -0.00824709 0.0220332 
0.889864 -0.101726 -0.0471625 
-0.101726 0.055771 -0.00948853 
-0.0471625 -0.00948853 0.0238471 
0.898474 -0.102573 -0.047577 
-0.102573 0.0562561 -0.00962166 
-0.047577 -0.00962166 0.0240666 
0.824424 -0.0945654 -0.0432441 
-0.0945654 0.0521627 -0.0088939 
-0.0432441 -0.0088939 0.0223852 
0.580197 -0.0738074 -0.0239707 
-0.0738074 0.0453886 -0.00723351 
-0.0239707 -0.00723351 0.0205533 
0.40224 -0.0946084 0.022065 
-0.0946084 0.0834187 -0.0108453 
0.022065 -0.0108453 0.042979 
0.557472 -0.166681 0.0622485 
-0.166681 0.158141 -0.0198037 
0.0622485 -0.0198037 0.0830851 
0.660441 -0.20024 0.0762143 
-0.20024 0.190666 -0.0238332 
0.0762143 -0.0238332 0.100265 
0.678929 -0.20597 0.0784497 
-0.20597 0.196145 -0.0245125 
0.0784497 -0.0245125 0.103152 
0.650869 -0.197471 0.0751065 
-0.197471 0.187959 -0.0234427 
0.0751065 -0.0234427 0.0988729 
0.545787 -0.165686 0.0616669 
-0.165686 0.156544 -0.0189436 
0.0616669 -0.0189436 0.0826694 
0.363681 -0.111256 0.0294936 
-0.111256 0.0948695 -0.0063174 
0.0294936 -0.0063174 0.0529611 
0.389399 -0.121632 -0.00254675 
-0.121632 0.0737952 0.0117899 
-0.00254677 0.0117899 0.0504539 
0.552268 -0.173228 -0.013446 
-0.173228 0.0966542 0.0220678 
-0.013446 0.0220678 0.0697547 
0.618353 -0.193997 -0.0156024 
-0.193997 0.107774 0.0250061 
-0.0156024 0.0250061 0.0780013 
0.633064 -0.198614 -0.0159945 
-0.198614 0.110321 0.0256124 
-0.0159945 0.0256124 0.0798532 
0.633559 -0.198769 -0.0160081 
-0.198769 0.110407 0.025633 
-0.0160081 0.025633 0.0799162 
0.618122 -0.193913 -0.015638 
-0.193913 0.107714 0.0250179 
-0.015638 0.0250179 0.0780038 
0.53452 -0.167254 -0.0142034 
-0.167254 0.0930636 0.0219582 
-0.0142034 0.0219582 0.0686437 
0.32297 -0.0943159 -0.0191892 
-0.0943159 0.0549512 0.0183172 
-0.0191892 0.0183172 0.060026 
0.262279 -0.0517526 -0.0546576 
-0.0517526 0.0399089 0.0334766 
-0.0546576 0.0334766 0.11708 
0.348493 -0.0596198 -0.087009 
-0.0596198 0.0512913 0.0513287 
-0.087009 0.0513287 0.180721 
0.391486 -0.0662753 -0.0988434 
-0.0662753 0.057486 0.0581848 
-0.0988434 0.0581848 0.20494 
0.404803 -0.0684776 -0.102288 
-0.0684776 0.0594317 0.0602033 
-0.102288 0.0602033 0.212056 
0.408858 -0.0691585 -0.10332 
-0.0691585 0.060026 0.0608099 
-0.10332 0.0608099 0.214193 
0.410199 -0.0693848 -0.10366 
-0.0693848 0.0602228 0.0610099 
-0.10366 0.0610099 0.214898 
