4  21
0.0498719  0.042284  0.0516454  0.0441673  0.0520788  0.0497237  0.0392265  0.0508835  0.0415204  0.05603  0.0484286  0.0464076  0.0632308  0.0437488  0.043233  0.0386892  0.0566201  0.0437088  0.0440111  0.0539529  0.0405374  
4.31096  -7.06598  3.23811  -0.74299  
11.1453  0.00677458  -0.0736241  -1.24779  
18.1949  -0.119354  -0.184961  0.289208  
25.3608  -0.393035  0.455405  0.700226  
32.5904  0.960678  -0.289359  -0.616815  
40.2721  -0.777783  -0.397377  0.0344629  
46.9001  0.505782  0.425086  0.699766  
53.6483  -0.105464  0.16993  -0.382462  
60.5893  -0.680283  -0.259918  -0.561682  
67.8961  0.786336  0.160339  0.857212  
75.7549  -0.603616  0.282218  -0.378762  
82.8398  -0.193688  -0.480238  -0.551327  
91.1574  0.582369  0.00133766  0.697422  
98.9974  -0.837324  0.345385  -0.27181  
105.661  0.25737  -0.424093  -0.685119  
111.747  0.542318  -0.282587  0.52016  
118.956  -0.760901  0.660486  0.433297  
126.433  1.25521  -0.536356  -0.937445  
133.016  -0.745896  -0.185858  0.18892  
140.38  -0.26026  0.522574  0.578767  
147.409  0.711686  -0.399225  -0.76955  
5.1136  2.26212  -1.67898  -0.382528  
2.26212  3.02179  -1.50037  -0.394267  
-1.67898  -1.50037  1.006  0.243273  
-0.382528  -0.394267  0.243273  0.19497  
4.22405  2.33503  -0.976334  0.866465  
2.33503  2.56491  -0.855586  0.501887  
-0.976334  -0.855586  0.396225  -0.179119  
0.866465  0.501887  -0.179119  0.209721  
5.90035  2.77191  -0.595177  1.2461  
2.77191  1.94998  -0.291074  0.785735  
-0.595177  -0.291074  0.396226  -0.0282337  
1.2461  0.785735  -0.0282337  0.470832  
4.3638  -3.81324  1.22237  -0.469442  
-3.81324  4.55854  -1.13323  0.520528  
1.22237  -1.13323  0.431875  -0.135438  
-0.469442  0.520528  -0.135438  0.317689  
5.58646  1.844  -1.15611  -0.371958  
1.844  1.4106  -0.591857  -0.268583  
-1.15611  -0.591857  0.527648  0.361332  
-0.371958  -0.268583  0.361332  0.401212  
5.30197  2.12679  -0.435312  1.04138  
2.12679  2.32486  -0.379738  0.61978  
-0.435312  -0.379738  0.192309  -0.110775  
1.04138  0.61978  -0.110775  0.425014  
3.77636  -2.33487  0.851331  -0.392201  
-2.33487  1.97818  -0.627254  0.231152  
0.851331  -0.627254  0.262088  -0.0662221  
-0.392201  0.231152  -0.0662221  0.0883649  
5.52291  4.37072  -1.47418  -0.80816  
4.37072  4.15445  -1.24822  -0.843215  
-1.47418  -1.24822  0.575637  0.378269  
-0.80816  -0.843215  0.378269  0.383241  
3.78486  -2.48463  0.63268  0.454767  
-2.48463  3.08821  -0.563513  -0.216263  
0.63268  -0.563513  0.19407  0.0915285  
0.454767  -0.216263  0.0915285  0.149919  
6.2449  -0.645395  1.33528  0.196805  
-0.645395  1.24681  -0.278545  -0.00596781  
1.33528  -0.278545  0.456645  0.153268  
0.196805  -0.00596781  0.153268  0.170859  
4.66456  3.63751  -1.52262  -1.21176  
3.63751  3.37747  -1.2242  -0.964801  
-1.52262  -1.2242  0.637223  0.505256  
-1.21176  -0.964801  0.505256  0.583647  
4.22073  -3.60276  0.799347  0.607226  
-3.60276  3.76497  -0.728495  -0.465993  
0.799347  -0.728495  0.208213  0.150175  
0.607226  -0.465993  0.150175  0.154484  
8.43256  -0.382312  1.29673  0.00981452  
-0.382312  1.32629  -0.26395  0.089412  
1.29673  -0.26395  0.379687  0.0312954  
0.00981452  0.089412  0.0312954  0.0747996  
4.07909  3.95426  -1.127  -1.52344  
3.95426  4.41012  -1.06549  -1.29525  
-1.127  -1.06549  0.427345  0.527826  
-1.52344  -1.29525  0.527826  0.818646  
3.74259  -3.47936  0.600855  0.648209  
-3.47936  3.62041  -0.660465  -0.557064  
0.600855  -0.660465  0.244927  0.12787  
0.648209  -0.557064  0.12787  0.18877  
3.12219  2.1715  -0.410028  0.235298  
2.1715  1.82172  -0.359709  0.2562  
-0.410028  -0.359709  0.24509  -0.0272242  
0.235298  0.2562  -0.0272242  0.10086  
6.47076  -1.53066  -0.181067  -0.940885  
-1.53066  2.22383  -0.513677  0.0729637  
-0.181067  -0.513677  0.294738  0.090507  
-0.940885  0.0729637  0.090507  0.241089  
4.18306  -0.106962  0.0096808  0.370013  
-0.106962  0.937878  -0.106966  -0.0589974  
0.0096808  -0.106966  0.0585383  -0.00915949  
0.370013  -0.0589974  -0.00915949  0.0577605  
4.11775  2.48814  -0.26557  1.04764  
2.48814  2.2042  -0.373065  0.714021  
-0.26557  -0.373065  0.219591  -0.0928729  
1.04764  0.714021  -0.0928729  0.373015  
5.92705  -3.7291  0.862899  -0.422628  
-3.7291  2.98296  -0.742673  0.249815  
0.862899  -0.742673  0.236587  -0.0357675  
-0.422628  0.249815  -0.0357675  0.110452  
3.30155  2.19444  -0.574463  -0.408395  
2.19444  1.8697  -0.451369  -0.37534  
-0.574463  -0.451369  0.160313  0.132206  
-0.408395  -0.37534  0.132206  0.265896  
